1407065578583 0.7916667
1407065579950 0.9897959
1407065581324 0.94666666
1407065582694 1.0
1407065584062 0.9245283
1407065585432 0.9166667
1407065586798 1.0
1407065588164 1.0
1407065589532 1.0
1407065590900 1.0
1407065592270 1.0
1407065593636 1.0
1407065595004 1.0
1407065596370 0.8918919
1407065597736 1.0
1407065599101 1.0
1407065600474 0.9756098
1407065601843 1.0
1407065603210 0.9722222
1407065604577 1.0
1407065605946 1.0
1407065607314 1.0
1407065608680 1.0
1407065610046 1.0
1407065611413 1.0
1407065612778 1.0
1407065614144 1.0
1407065615510 0.9516129
1407065616876 1.0
1407065618241 1.0
1407065619606 1.0
1407065620972 0.9885057
1407065622337 1.0
1407065623704 1.0
1407065625070 1.0
1407065626449 0.8630137
1407065627820 1.0
1407065629188 0.9583333
1407065630554 0.953125
1407065631920 1.0
1407065633286 0.98734176
1407065634652 1.0
1407065636018 1.0
1407065637384 0.9868421
1407065638750 1.0
1407065640115 0.975
1407065641479 0.85915494
1407065642844 1.0
1407065644211 0.9402985
1407065645579 0.9701493
1407065646946 1.0
1407065648313 1.0
1407065649678 1.0
1407065651045 1.0
1407065652411 0.98630136
1407065653777 0.9861111
1407065655142 1.0
1407065656508 0.98888886
1407065657876 1.0
1407065659243 1.0
1407065660608 0.962963
1407065661974 1.0
1407065663339 0.9701493
1407065664704 1.0
1407065666070 0.98717946
1407065667436 1.0
1407065668805 1.0
1407065670171 1.0
1407065671535 0.8450704
1407065672900 1.0
1407065674268 0.942029
1407065675634 0.92957747
1407065677000 1.0
1407065678366 1.0
1407065679731 1.0
1407065681097 0.9883721
1407065682463 0.8918919
1407065683829 0.9189189
1407065685194 0.9589041
1407065686561 0.9166667
1407065687925 0.9722222
1407065689290 1.0
1407065690656 0.94520545
1407065692021 0.9722222
1407065693398 0.9444444
1407065694765 0.95714283
1407065696130 0.9846154
1407065697495 0.9583333
1407065698860 0.98571426
1407065700225 0.9866667
1407065701590 1.0
1407065702964 0.96
1407065704329 0.98630136
1407065705694 1.0
1407065707060 0.9722222
1407065708425 0.9864865
1407065709791 0.9726027
1407065711156 0.98630136
1407065712521 0.87142855
1407065713886 0.94666666
1407065715251 0.98630136
1407065716616 0.9866667
1407065717982 1.0
1407065719346 0.9722222
1407065720711 0.9577465
1407065722076 1.0
1407065723439 0.9189189
1407065724805 0.9054054
1407065726169 0.9868421
1407065727534 0.9864865
1407065728900 0.98630136
1407065730264 0.9583333
1407065731630 0.9594595
1407065732996 0.9726027
1407065734359 0.9583333
1407065735724 0.91780823
1407065737088 0.9861111
1407065738455 0.9605263
1407065739822 0.9305556
1407065741187 0.98550725
1407065742552 0.91549295
1407065743914 0.91549295
1407065745278 0.962963
1407065746642 0.9315069
1407065748008 0.98571426
1407065749373 0.9861111
1407065750736 0.92
1407065752102 0.95652175
1407065753480 0.9493671
1407065754845 0.8333333
1407065756211 0.8333333
1407065757576 0.9142857
1407065758941 0.9577465
1407065760341 0.9589041
1407065761705 0.98550725
1407065763070 0.9866667
1407065764448 0.9054054
1407065765810 0.9736842
1407065767176 0.9726027
1407065768540 0.91780823
1407065769905 0.8309859
1407065771268 0.972973
1407065772634 0.91780823
1407065774000 0.97183096
1407065775364 0.8888889
1407065776734 0.9166667
1407065778101 0.9583333
1407065779498 0.98571426
1407065780863 0.9722222
1407065782229 0.98630136
1407065783595 1.0
1407065784960 0.9722222
1407065786327 0.95652175
1407065787692 0.93421054
1407065789057 0.97333336
1407065790423 0.9726027
1407065791789 0.9722222
1407065793155 0.98630136
1407065794531 0.8630137
1407065795896 0.98630136
1407065797262 0.9861111
1407065798628 1.0
1407065799993 0.84931505
1407065801356 1.0
1407065802721 0.9459459
1407065804085 0.9594595
1407065805450 1.0
1407065806817 0.9868421
1407065808183 1.0
1407065809549 1.0
1407065810910 0.9861111
1407065812271 0.9861111
1407065813632 1.0
1407065815006 1.0
1407065816367 0.972973
1407065817728 1.0
1407065819090 1.0
1407065820452 1.0
1407065821814 1.0
1407065823175 1.0
1407065824549 1.0
1407065825910 0.9041096
