1406998620923 ROBOTICA_9 12 227
1406998620934 ROBOTICA_9 12 138
1406998620993 ROBOTICA_9 12 97
1406998621131 ROBOTICA_9 12 136
1406998621201 ROBOTICA_9 12 107
1406998621271 ROBOTICA_9 12 77
1406998621408 ROBOTICA_9 12 114
1406998621478 ROBOTICA_9 12 84
1406998621616 ROBOTICA_9 12 123
1406998621685 ROBOTICA_9 12 91
1406998621823 ROBOTICA_9 12 130
1406998621893 ROBOTICA_9 12 100
1406998622030 ROBOTICA_9 12 137
1406998622101 ROBOTICA_9 12 108
1406998622171 ROBOTICA_9 12 79
1406998622306 ROBOTICA_9 12 115
1406998622376 ROBOTICA_9 12 85
1406998622513 ROBOTICA_9 12 122
1406998622583 ROBOTICA_9 12 91
1406998622721 ROBOTICA_9 12 129
1406998622791 ROBOTICA_9 12 100
1406998622929 ROBOTICA_9 12 138
1406998622998 ROBOTICA_9 12 107
1406998623068 ROBOTICA_9 12 77
1406998623206 ROBOTICA_9 12 115
1406998623276 ROBOTICA_9 12 85
1406998623423 ROBOTICA_9 12 132
1406998623493 ROBOTICA_9 12 102
1406998623630 ROBOTICA_9 12 139
1406998623700 ROBOTICA_9 12 109
1406998623771 ROBOTICA_9 12 80
1406998623909 ROBOTICA_9 12 118
1406998623962 ROBOTICA_9 12 72
1406998624051 ROBOTICA_9 12 61
1406998624191 ROBOTICA_9 12 102
1406998624330 ROBOTICA_9 12 141
1406998624400 ROBOTICA_9 12 111
1406998624469 ROBOTICA_9 12 80
1406998624606 ROBOTICA_9 12 116
1406998624675 ROBOTICA_9 12 85
1406998624811 ROBOTICA_9 12 122
1406998624881 ROBOTICA_9 12 92
1406998625017 ROBOTICA_9 12 128
1406998625087 ROBOTICA_9 12 98
1406998625224 ROBOTICA_9 12 135
1406998625294 ROBOTICA_9 12 105
1406998625362 ROBOTICA_9 12 73
1406998625500 ROBOTICA_9 12 111
1406998625569 ROBOTICA_9 12 80
1406998625707 ROBOTICA_9 12 118
1406998625777 ROBOTICA_9 12 88
1406998625868 ROBOTICA_9 12 79
1406998625927 ROBOTICA_9 12 38
1406998626026 ROBOTICA_9 12 37
1406998626128 ROBOTICA_9 12 37
1406998626227 ROBOTICA_9 12 37
1406998626327 ROBOTICA_9 12 38
1406998626428 ROBOTICA_9 12 38
1406998626527 ROBOTICA_9 12 37
1406998626627 ROBOTICA_9 12 37
1406998626727 ROBOTICA_9 12 37
1406998626827 ROBOTICA_9 12 37
1406998626952 ROBOTICA_9 12 61
1406998627028 ROBOTICA_9 12 37
1406998627127 ROBOTICA_9 12 36
1406998627227 ROBOTICA_9 12 35
1406998627329 ROBOTICA_9 12 37
1406998627432 ROBOTICA_9 12 39
1406998627529 ROBOTICA_9 12 36
1406998627631 ROBOTICA_9 12 38
1406998627756 ROBOTICA_9 12 63
1406998627856 ROBOTICA_9 12 63
1406998627956 ROBOTICA_9 12 62
1406998628057 ROBOTICA_9 12 63
1406998628155 ROBOTICA_9 12 61
1406998628256 ROBOTICA_9 12 61
1406998628376 ROBOTICA_9 12 82
1406998628457 ROBOTICA_9 12 63
1406998628556 ROBOTICA_9 12 62
1406998628657 ROBOTICA_9 12 63
1406998628757 ROBOTICA_9 12 63
1406998628856 ROBOTICA_9 12 62
1406998628956 ROBOTICA_9 12 62
1406998629057 ROBOTICA_9 12 62
1406998629159 ROBOTICA_9 12 65
1406998629257 ROBOTICA_9 12 63
1406998629357 ROBOTICA_9 12 62
1406998629457 ROBOTICA_9 12 63
1406998629556 ROBOTICA_9 12 62
1406998629657 ROBOTICA_9 12 64
1406998629761 ROBOTICA_9 12 67
1406998629863 ROBOTICA_9 12 68
1406998629957 ROBOTICA_9 12 63
1406998630067 ROBOTICA_9 12 72
1406998630159 ROBOTICA_9 12 65
1406998630279 ROBOTICA_9 12 86
1406998630381 ROBOTICA_9 12 88
1406998630429 ROBOTICA_9 12 37
1406998630531 ROBOTICA_9 12 37
1406998630631 ROBOTICA_9 12 38
1406998631021 ROBOTICA_9 12 77
1406998631045 ROBOTICA_9 12 101
1406998631055 ROBOTICA_9 12 110
1406998631093 ROBOTICA_9 12 78
1406998631177 ROBOTICA_9 12 62
1406998631277 ROBOTICA_9 12 63
1406998631377 ROBOTICA_9 12 63
1406998631477 ROBOTICA_9 12 63
1406998631574 ROBOTICA_9 12 60
1406998631676 ROBOTICA_9 12 62
1406998631801 ROBOTICA_9 12 87
1406998631901 ROBOTICA_9 12 88
1406998632001 ROBOTICA_9 12 88
1406998632100 ROBOTICA_9 12 88
1406998632149 ROBOTICA_9 12 37
1406998632302 ROBOTICA_9 12 90
1406998632349 ROBOTICA_9 12 36
1406998632449 ROBOTICA_9 12 36
1406998632549 ROBOTICA_9 12 36
1406998632651 ROBOTICA_9 12 38
1406998632751 ROBOTICA_9 12 38
1406998632850 ROBOTICA_9 12 37
1406998632951 ROBOTICA_9 12 37
1406998633051 ROBOTICA_9 12 37
1406998633151 ROBOTICA_9 12 38
1406998633251 ROBOTICA_9 12 37
1406998633351 ROBOTICA_9 12 37
1406998633452 ROBOTICA_9 12 38
1406998633551 ROBOTICA_9 12 37
1406998633651 ROBOTICA_9 12 38
1406998633751 ROBOTICA_9 12 37
1406998633874 ROBOTICA_9 12 60
1406998633951 ROBOTICA_9 12 37
1406998634074 ROBOTICA_9 12 60
1406998634177 ROBOTICA_9 12 63
1406998634277 ROBOTICA_9 12 63
1406998634377 ROBOTICA_9 12 63
1406998634477 ROBOTICA_9 12 63
1406998634577 ROBOTICA_9 12 63
1406998634677 ROBOTICA_9 12 63
1406998634781 ROBOTICA_9 12 67
1406998634881 ROBOTICA_9 12 67
1406998634977 ROBOTICA_9 12 63
1406998635077 ROBOTICA_9 12 63
1406998635187 ROBOTICA_9 12 73
1406998635279 ROBOTICA_9 12 64
1406998635378 ROBOTICA_9 12 64
1406998635477 ROBOTICA_9 12 62
1406998635577 ROBOTICA_9 12 63
1406998635677 ROBOTICA_9 12 63
1406998635777 ROBOTICA_9 12 63
1406998635877 ROBOTICA_9 12 62
1406998635974 ROBOTICA_9 12 60
1406998636088 ROBOTICA_9 12 74
1406998636176 ROBOTICA_9 12 62
1406998636301 ROBOTICA_9 12 87
1406998636400 ROBOTICA_9 12 87
1406998636501 ROBOTICA_9 12 88
1406998636550 ROBOTICA_9 12 38
1406998636647 ROBOTICA_9 12 36
1406998636749 ROBOTICA_9 12 37
1406998636850 ROBOTICA_9 12 38
1406998636950 ROBOTICA_9 12 38
1406998637050 ROBOTICA_9 12 38
1406998637148 ROBOTICA_9 12 37
1406998637249 ROBOTICA_9 12 38
1406998637344 ROBOTICA_9 12 33
1406998637448 ROBOTICA_9 12 37
1406998637548 ROBOTICA_9 12 37
1406998637649 ROBOTICA_9 12 37
1406998637748 ROBOTICA_9 12 37
1406998637847 ROBOTICA_9 12 35
1406998637948 ROBOTICA_9 12 37
1406998638060 ROBOTICA_9 12 48
1406998638150 ROBOTICA_9 12 38
1406998638249 ROBOTICA_9 12 37
1406998638374 ROBOTICA_9 12 62
1406998638473 ROBOTICA_9 12 62
1406998638574 ROBOTICA_9 12 62
1406998638657 ROBOTICA_9 12 46
1406998638773 ROBOTICA_9 12 62
1406998638874 ROBOTICA_9 12 63
1406998638973 ROBOTICA_9 12 62
1406998639073 ROBOTICA_9 12 62
1406998639173 ROBOTICA_9 12 62
1406998639282 ROBOTICA_9 12 71
1406998639374 ROBOTICA_9 12 63
1406998639477 ROBOTICA_9 12 66
1406998639573 ROBOTICA_9 12 62
1406998639673 ROBOTICA_9 12 62
1406998639773 ROBOTICA_9 12 62
1406998639873 ROBOTICA_9 12 62
1406998639973 ROBOTICA_9 12 62
1406998640073 ROBOTICA_9 12 61
1406998640174 ROBOTICA_9 12 62
1406998640298 ROBOTICA_9 12 86
1406998640373 ROBOTICA_9 12 62
1406998640498 ROBOTICA_9 12 87
1406998640598 ROBOTICA_9 12 87
1406998640697 ROBOTICA_9 12 87
1406998640978 ROBOTICA_9 12 39
1406998641023 ROBOTICA_9 12 83
1406998641033 ROBOTICA_9 12 93
1406998641048 ROBOTICA_9 12 35
1406998641151 ROBOTICA_9 12 38
1406998641249 ROBOTICA_9 12 36
1406998641350 ROBOTICA_9 12 37
1406998641450 ROBOTICA_9 12 37
1406998641550 ROBOTICA_9 12 37
1406998641650 ROBOTICA_9 12 37
1406998641750 ROBOTICA_9 12 37
1406998641850 ROBOTICA_9 12 37
1406998641950 ROBOTICA_9 12 37
1406998642051 ROBOTICA_9 12 38
1406998642150 ROBOTICA_9 12 38
1406998642250 ROBOTICA_9 12 38
1406998642350 ROBOTICA_9 12 38
1406998642467 ROBOTICA_9 12 55
1406998642574 ROBOTICA_9 12 62
1406998642650 ROBOTICA_9 12 38
1406998642773 ROBOTICA_9 12 61
1406998642874 ROBOTICA_9 12 62
1406998642974 ROBOTICA_9 12 62
1406998643075 ROBOTICA_9 12 63
1406998643175 ROBOTICA_9 12 64
1406998643273 ROBOTICA_9 12 61
1406998643374 ROBOTICA_9 12 62
1406998643462 ROBOTICA_9 12 37
1406998643561 ROBOTICA_9 12 37
1406998643660 ROBOTICA_9 12 36
1406998643830 ROBOTICA_9 12 106
1406998643888 ROBOTICA_9 12 64
1406998643986 ROBOTICA_9 12 62
1406998644071 ROBOTICA_9 12 47
1406998644188 ROBOTICA_9 12 64
1406998644287 ROBOTICA_9 12 63
1406998644386 ROBOTICA_9 12 62
1406998644486 ROBOTICA_9 12 62
1406998644586 ROBOTICA_9 12 62
1406998644686 ROBOTICA_9 12 62
1406998644786 ROBOTICA_9 12 62
1406998644886 ROBOTICA_9 12 62
1406998644987 ROBOTICA_9 12 63
1406998645077 ROBOTICA_9 12 53
1406998645179 ROBOTICA_9 12 55
1406998645278 ROBOTICA_9 12 54
1406998645403 ROBOTICA_9 12 79
1406998645501 ROBOTICA_9 12 77
1406998645591 ROBOTICA_9 12 68
1406998645690 ROBOTICA_9 12 67
1406998645790 ROBOTICA_9 12 66
1406998645896 ROBOTICA_9 12 72
1406998645996 ROBOTICA_9 12 72
1406998646103 ROBOTICA_9 12 79
1406998646211 ROBOTICA_9 12 87
1406998646258 ROBOTICA_9 12 35
1406998646358 ROBOTICA_9 12 36
1406998646460 ROBOTICA_9 12 38
1406998646560 ROBOTICA_9 12 38
1406998646714 ROBOTICA_9 12 87
1406998646814 ROBOTICA_9 12 86
1406998646916 ROBOTICA_9 12 88
1406998646966 ROBOTICA_9 12 38
1406998647066 ROBOTICA_9 12 38
1406998647164 ROBOTICA_9 12 36
1406998647263 ROBOTICA_9 12 35
1406998647366 ROBOTICA_9 12 38
1406998647466 ROBOTICA_9 12 38
1406998647590 ROBOTICA_9 12 62
1406998647666 ROBOTICA_9 12 38
1406998647766 ROBOTICA_9 12 38
1406998647866 ROBOTICA_9 12 38
1406998647966 ROBOTICA_9 12 37
1406998648066 ROBOTICA_9 12 37
1406998648165 ROBOTICA_9 12 36
1406998648290 ROBOTICA_9 12 62
1406998648366 ROBOTICA_9 12 38
1406998648473 ROBOTICA_9 12 44
1406998648574 ROBOTICA_9 12 45
1406998648668 ROBOTICA_9 12 40
1406998648790 ROBOTICA_9 12 62
1406998648871 ROBOTICA_9 12 43
1406998648991 ROBOTICA_9 12 63
1406998649091 ROBOTICA_9 12 63
1406998649191 ROBOTICA_9 12 62
1406998649291 ROBOTICA_9 12 63
1406998649391 ROBOTICA_9 12 63
1406998649491 ROBOTICA_9 12 63
1406998649591 ROBOTICA_9 12 62
1406998649740 ROBOTICA_9 12 112
1406998649809 ROBOTICA_9 12 81
1406998649947 ROBOTICA_9 12 120
1406998650016 ROBOTICA_9 12 90
1406998650154 ROBOTICA_9 12 128
1406998650224 ROBOTICA_9 12 99
1406998650362 ROBOTICA_9 12 137
1406998650433 ROBOTICA_9 12 109
1406998650502 ROBOTICA_9 12 78
1406998650640 ROBOTICA_9 12 116
1406998650710 ROBOTICA_9 12 86
1406998651048 ROBOTICA_9 12 97
1406998651118 ROBOTICA_9 12 166
1406998651128 ROBOTICA_9 12 176
1406998651188 ROBOTICA_9 12 162
1406998651259 ROBOTICA_9 12 133
1406998651328 ROBOTICA_9 12 103
1406998651400 ROBOTICA_9 12 76
1406998651536 ROBOTICA_9 12 112
1406998651606 ROBOTICA_9 12 82
1406998651740 ROBOTICA_9 12 116
1406998651809 ROBOTICA_9 12 83
1406998651944 ROBOTICA_9 12 120
1406998652014 ROBOTICA_9 12 91
1406998652150 ROBOTICA_9 12 127
1406998652222 ROBOTICA_9 12 100
1406998652354 ROBOTICA_9 12 132
1406998652425 ROBOTICA_9 12 103
1406998652560 ROBOTICA_9 12 138
1406998652630 ROBOTICA_9 12 108
1406998652708 ROBOTICA_9 12 86
1406998652834 ROBOTICA_9 12 112
1406998652913 ROBOTICA_9 12 91
1406998653040 ROBOTICA_9 12 118
1406998653118 ROBOTICA_9 12 96
1406998653244 ROBOTICA_9 12 122
1406998653377 ROBOTICA_9 12 155
1406998653447 ROBOTICA_9 12 126
1406998653517 ROBOTICA_9 12 96
1406998653653 ROBOTICA_9 12 133
1406998653721 ROBOTICA_9 12 101
1406998653858 ROBOTICA_9 12 137
1406998653936 ROBOTICA_9 12 115
1406998653996 ROBOTICA_9 12 75
1406998654136 ROBOTICA_9 12 115
1406998654206 ROBOTICA_9 12 86
1406998654348 ROBOTICA_9 12 128
1406998654418 ROBOTICA_9 12 98
1406998654555 ROBOTICA_9 12 136
1406998654624 ROBOTICA_9 12 105
1406998654694 ROBOTICA_9 12 75
1406998654832 ROBOTICA_9 12 113
1406998654902 ROBOTICA_9 12 83
1406998655040 ROBOTICA_9 12 121
1406998655109 ROBOTICA_9 12 90
1406998655247 ROBOTICA_9 12 128
1406998655317 ROBOTICA_9 12 98
1406998655453 ROBOTICA_9 12 135
1406998655523 ROBOTICA_9 12 105
1406998655591 ROBOTICA_9 12 73
1406998655728 ROBOTICA_9 12 110
1406998655798 ROBOTICA_9 12 80
1406998655936 ROBOTICA_9 12 118
1406998656006 ROBOTICA_9 12 88
1406998656143 ROBOTICA_9 12 125
1406998656213 ROBOTICA_9 12 96
1406998656348 ROBOTICA_9 12 130
1406998656419 ROBOTICA_9 12 101
1406998656553 ROBOTICA_9 12 135
1406998656623 ROBOTICA_9 12 105
1406998656701 ROBOTICA_9 12 83
1406998656828 ROBOTICA_9 12 110
1406998656906 ROBOTICA_9 12 88
1406998657032 ROBOTICA_9 12 115
1406998657099 ROBOTICA_9 12 83
1406998657235 ROBOTICA_9 12 119
1406998657305 ROBOTICA_9 12 90
1406998657442 ROBOTICA_9 12 128
1406998657509 ROBOTICA_9 12 95
1406998657646 ROBOTICA_9 12 133
1406998657715 ROBOTICA_9 12 102
1406998657857 ROBOTICA_9 12 143
1406998657927 ROBOTICA_9 12 113
1406998657997 ROBOTICA_9 12 83
1406998658137 ROBOTICA_9 12 123
1406998658207 ROBOTICA_9 12 93
1406998658343 ROBOTICA_9 12 130
1406998658414 ROBOTICA_9 12 101
1406998658549 ROBOTICA_9 12 135
1406998658620 ROBOTICA_9 12 107
1406998658689 ROBOTICA_9 12 75
1406998658827 ROBOTICA_9 12 114
1406998658897 ROBOTICA_9 12 84
1406998659033 ROBOTICA_9 12 120
1406998659103 ROBOTICA_9 12 90
1406998659241 ROBOTICA_9 12 128
1406998659311 ROBOTICA_9 12 98
1406998659449 ROBOTICA_9 12 136
1406998659518 ROBOTICA_9 12 105
1406998659588 ROBOTICA_9 12 75
1406998659726 ROBOTICA_9 12 113
1406998659796 ROBOTICA_9 12 83
1406998659932 ROBOTICA_9 12 120
1406998660002 ROBOTICA_9 12 90
1406998660137 ROBOTICA_9 12 125
1406998660207 ROBOTICA_9 12 95
1406998660343 ROBOTICA_9 12 132
1406998660411 ROBOTICA_9 12 100
1406998660547 ROBOTICA_9 12 136
1406998660617 ROBOTICA_9 12 106
1406998660694 ROBOTICA_9 12 83
1406998661092 ROBOTICA_9 12 135
1406998661103 ROBOTICA_9 12 146
1406998661162 ROBOTICA_9 12 203
1406998661240 ROBOTICA_9 12 212
1406998661250 ROBOTICA_9 12 122
1406998661367 ROBOTICA_9 12 139
1406998661445 ROBOTICA_9 12 117
1406998661504 ROBOTICA_9 12 76
1406998661640 ROBOTICA_9 12 112
1406998661707 ROBOTICA_9 12 79
1406998661844 ROBOTICA_9 12 115
1406998661911 ROBOTICA_9 12 82
1406998662048 ROBOTICA_9 12 120
1406998662118 ROBOTICA_9 12 90
1406998662253 ROBOTICA_9 12 125
1406998662323 ROBOTICA_9 12 95
1406998662420 ROBOTICA_9 12 92
1406998662479 ROBOTICA_9 12 42
1406998662593 ROBOTICA_9 12 66
1406998662690 ROBOTICA_9 12 64
1406998662789 ROBOTICA_9 12 64
1406998662887 ROBOTICA_9 12 62
1406998662983 ROBOTICA_9 12 59
1406998663086 ROBOTICA_9 12 63
1406998663186 ROBOTICA_9 12 62
1406998663286 ROBOTICA_9 12 63
1406998663386 ROBOTICA_9 12 63
1406998663484 ROBOTICA_9 12 61
1406998663584 ROBOTICA_9 12 61
1406998663710 ROBOTICA_9 12 87
1406998663809 ROBOTICA_9 12 87
1406998663909 ROBOTICA_9 12 87
1406998664008 ROBOTICA_9 12 87
1406998664058 ROBOTICA_9 12 38
1406998664158 ROBOTICA_9 12 38
1406998664313 ROBOTICA_9 12 93
1406998664358 ROBOTICA_9 12 38
1406998664458 ROBOTICA_9 12 38
1406998664559 ROBOTICA_9 12 38
1406998664657 ROBOTICA_9 12 37
1406998664758 ROBOTICA_9 12 38
1406998664858 ROBOTICA_9 12 39
1406998664955 ROBOTICA_9 12 36
1406998665056 ROBOTICA_9 12 38
1406998665163 ROBOTICA_9 12 45
1406998665257 ROBOTICA_9 12 39
1406998665382 ROBOTICA_9 12 64
1406998665456 ROBOTICA_9 12 38
1406998665579 ROBOTICA_9 12 61
1406998665681 ROBOTICA_9 12 63
1406998665781 ROBOTICA_9 12 63
1406998665881 ROBOTICA_9 12 63
1406998665981 ROBOTICA_9 12 63
1406998666081 ROBOTICA_9 12 63
1406998666181 ROBOTICA_9 12 63
1406998666281 ROBOTICA_9 12 63
1406998666381 ROBOTICA_9 12 63
1406998666481 ROBOTICA_9 12 63
1406998666581 ROBOTICA_9 12 63
1406998666681 ROBOTICA_9 12 63
1406998666794 ROBOTICA_9 12 76
1406998666881 ROBOTICA_9 12 63
1406998666980 ROBOTICA_9 12 62
1406998667081 ROBOTICA_9 12 63
1406998667181 ROBOTICA_9 12 63
1406998667281 ROBOTICA_9 12 63
1406998667379 ROBOTICA_9 12 61
1406998667481 ROBOTICA_9 12 63
1406998667604 ROBOTICA_9 12 86
1406998667704 ROBOTICA_9 12 86
1406998667793 ROBOTICA_9 12 76
1406998667906 ROBOTICA_9 12 88
1406998667993 ROBOTICA_9 12 77
1406998668087 ROBOTICA_9 12 71
1406998668154 ROBOTICA_9 12 40
1406998668243 ROBOTICA_9 12 29
1406998668346 ROBOTICA_9 12 32
1406998668456 ROBOTICA_9 12 42
1406998668544 ROBOTICA_9 12 30
1406998668646 ROBOTICA_9 12 32
1406998668758 ROBOTICA_9 12 44
1406998668851 ROBOTICA_9 12 37
1406998668962 ROBOTICA_9 12 48
1406998669062 ROBOTICA_9 12 48
1406998669177 ROBOTICA_9 12 63
1406998669261 ROBOTICA_9 12 48
1406998669356 ROBOTICA_9 12 42
1406998669454 ROBOTICA_9 12 40
1406998669576 ROBOTICA_9 12 62
1406998669676 ROBOTICA_9 12 62
1406998669777 ROBOTICA_9 12 63
1406998669877 ROBOTICA_9 12 63
1406998669978 ROBOTICA_9 12 64
1406998670077 ROBOTICA_9 12 63
1406998670176 ROBOTICA_9 12 63
1406998670277 ROBOTICA_9 12 63
1406998670377 ROBOTICA_9 12 63
1406998670476 ROBOTICA_9 12 62
1406998670576 ROBOTICA_9 12 62
1406998670667 ROBOTICA_9 12 53
1406998671020 ROBOTICA_9 12 44
1406998671063 ROBOTICA_9 12 86
1406998671074 ROBOTICA_9 12 96
1406998671085 ROBOTICA_9 12 70
1406998671176 ROBOTICA_9 12 62
1406998671277 ROBOTICA_9 12 63
1406998671378 ROBOTICA_9 12 64
1406998671474 ROBOTICA_9 12 61
1406998671601 ROBOTICA_9 12 87
1406998671677 ROBOTICA_9 12 64
1406998671799 ROBOTICA_9 12 86
1406998671915 ROBOTICA_9 12 103
1406998672011 ROBOTICA_9 12 99
1406998672047 ROBOTICA_9 12 36
1406998672148 ROBOTICA_9 12 36
1406998672277 ROBOTICA_9 12 65
1406998672388 ROBOTICA_9 12 77
1406998672488 ROBOTICA_9 12 77
1406998672609 ROBOTICA_9 12 98
1406998672708 ROBOTICA_9 12 98
1406998672771 ROBOTICA_9 12 61
1406998672847 ROBOTICA_9 12 37
1406998672972 ROBOTICA_9 12 63
1406998673086 ROBOTICA_9 12 77
1406998673195 ROBOTICA_9 12 86
1406998673294 ROBOTICA_9 12 85
1406998673348 ROBOTICA_9 12 40
1406998673448 ROBOTICA_9 12 39
1406998673548 ROBOTICA_9 12 39
1406998673671 ROBOTICA_9 12 62
1406998673771 ROBOTICA_9 12 62
1406998673879 ROBOTICA_9 12 70
1406998674006 ROBOTICA_9 12 97
1406998674044 ROBOTICA_9 12 35
1406998674147 ROBOTICA_9 12 38
1406998674246 ROBOTICA_9 12 37
1406998674371 ROBOTICA_9 12 62
1406998674476 ROBOTICA_9 12 67
1406998674571 ROBOTICA_9 12 62
1406998674669 ROBOTICA_9 12 60
1406998674843 ROBOTICA_9 12 35
1406998674944 ROBOTICA_9 12 36
1406998675069 ROBOTICA_9 12 61
1406998675171 ROBOTICA_9 12 63
1406998675271 ROBOTICA_9 12 63
1406998675394 ROBOTICA_9 12 85
1406998675504 ROBOTICA_9 12 97
1406998675543 ROBOTICA_9 12 36
1406998675643 ROBOTICA_9 12 36
1406998675757 ROBOTICA_9 12 50
1406998675871 ROBOTICA_9 12 64
1406998675968 ROBOTICA_9 12 61
1406998676071 ROBOTICA_9 12 63
1406998676143 ROBOTICA_9 12 36
1406998676247 ROBOTICA_9 12 40
1406998676352 ROBOTICA_9 12 45
1406998676470 ROBOTICA_9 12 63
1406998676569 ROBOTICA_9 12 62
1406998676669 ROBOTICA_9 12 62
1406998676768 ROBOTICA_9 12 61
1406998676842 ROBOTICA_9 12 36
1406998676946 ROBOTICA_9 12 40
1406998677108 ROBOTICA_9 12 103
1406998677166 ROBOTICA_9 12 62
1406998677267 ROBOTICA_9 12 63
1406998677376 ROBOTICA_9 12 72
1406998677469 ROBOTICA_9 12 65
1406998677541 ROBOTICA_9 12 37
1406998677664 ROBOTICA_9 12 60
1406998677764 ROBOTICA_9 12 60
1406998677872 ROBOTICA_9 12 68
1406998677964 ROBOTICA_9 12 60
1406998678064 ROBOTICA_9 12 60
1406998678189 ROBOTICA_9 12 85
1406998678241 ROBOTICA_9 12 37
1406998678354 ROBOTICA_9 12 50
1406998678468 ROBOTICA_9 12 64
1406998678569 ROBOTICA_9 12 66
1406998678683 ROBOTICA_9 12 80
1406998678778 ROBOTICA_9 12 75
1406998678864 ROBOTICA_9 12 62
1406998678937 ROBOTICA_9 12 36
1406998679062 ROBOTICA_9 12 61
1406998679161 ROBOTICA_9 12 61
1406998679268 ROBOTICA_9 12 68
1406998679374 ROBOTICA_9 12 75
1406998679473 ROBOTICA_9 12 73
1406998679600 ROBOTICA_9 12 100
1406998679636 ROBOTICA_9 12 36
1406998679761 ROBOTICA_9 12 61
1406998679861 ROBOTICA_9 12 61
1406998679967 ROBOTICA_9 12 68
1406998680069 ROBOTICA_9 12 69
1406998680172 ROBOTICA_9 12 73
1406998680276 ROBOTICA_9 12 77
1406998680336 ROBOTICA_9 12 38
1406998680458 ROBOTICA_9 12 61
1406998680561 ROBOTICA_9 12 64
1406998680664 ROBOTICA_9 12 67
1406998680767 ROBOTICA_9 12 71
1406998681139 ROBOTICA_9 12 77
1406998681151 ROBOTICA_9 12 89
1406998681162 ROBOTICA_9 12 99
1406998681172 ROBOTICA_9 12 78
1406998681272 ROBOTICA_9 12 78
1406998681372 ROBOTICA_9 12 78
1406998681468 ROBOTICA_9 12 75
1406998681592 ROBOTICA_9 12 99
1406998681628 ROBOTICA_9 12 35
1406998681731 ROBOTICA_9 12 38
1406998681831 ROBOTICA_9 12 38
1406998681963 ROBOTICA_9 12 70
1406998682080 ROBOTICA_9 12 87
1406998682384 ROBOTICA_9 12 73
1406998682394 ROBOTICA_9 12 82
1406998682403 ROBOTICA_9 12 91
1406998682434 ROBOTICA_9 12 37
1406998682532 ROBOTICA_9 12 35
1406998682633 ROBOTICA_9 12 36
1406998682767 ROBOTICA_9 12 70
1406998682877 ROBOTICA_9 12 80
1406998682983 ROBOTICA_9 12 85
1406998683096 ROBOTICA_9 12 99
1406998683132 ROBOTICA_9 12 35
1406998683233 ROBOTICA_9 12 36
1406998683332 ROBOTICA_9 12 36
1406998683442 ROBOTICA_9 12 47
1406998683568 ROBOTICA_9 12 74
1406998683667 ROBOTICA_9 12 73
1406998683792 ROBOTICA_9 12 98
1406998683830 ROBOTICA_9 12 37
1406998683931 ROBOTICA_9 12 38
1406998684031 ROBOTICA_9 12 37
1406998684156 ROBOTICA_9 12 62
1406998684256 ROBOTICA_9 12 62
1406998684361 ROBOTICA_9 12 68
1406998684492 ROBOTICA_9 12 99
1406998684528 ROBOTICA_9 12 35
1406998684631 ROBOTICA_9 12 39
1406998684753 ROBOTICA_9 12 62
1406998684853 ROBOTICA_9 12 62
1406998684954 ROBOTICA_9 12 63
1406998685057 ROBOTICA_9 12 66
1406998685186 ROBOTICA_9 12 96
1406998685228 ROBOTICA_9 12 37
1406998685337 ROBOTICA_9 12 46
1406998685438 ROBOTICA_9 12 47
1406998685557 ROBOTICA_9 12 66
1406998685652 ROBOTICA_9 12 61
1406998685751 ROBOTICA_9 12 61
1406998685876 ROBOTICA_9 12 87
1406998685926 ROBOTICA_9 12 37
1406998686036 ROBOTICA_9 12 47
1406998686151 ROBOTICA_9 12 62
1406998686251 ROBOTICA_9 12 62
1406998686352 ROBOTICA_9 12 63
1406998686451 ROBOTICA_9 12 63
1406998686523 ROBOTICA_9 12 35
1406998686623 ROBOTICA_9 12 36
1406998686723 ROBOTICA_9 12 36
1406998686851 ROBOTICA_9 12 65
1406998686947 ROBOTICA_9 12 62
1406998687047 ROBOTICA_9 12 63
1406998687170 ROBOTICA_9 12 86
1406998687221 ROBOTICA_9 12 38
1406998687322 ROBOTICA_9 12 39
1406998687444 ROBOTICA_9 12 61
1406998687544 ROBOTICA_9 12 61
1406998687644 ROBOTICA_9 12 61
1406998687744 ROBOTICA_9 12 61
1406998687868 ROBOTICA_9 12 86
1406998687918 ROBOTICA_9 12 37
1406998688041 ROBOTICA_9 12 60
1406998688146 ROBOTICA_9 12 65
1406998688251 ROBOTICA_9 12 71
1406998688342 ROBOTICA_9 12 62
1406998688466 ROBOTICA_9 12 86
1406998688566 ROBOTICA_9 12 86
1406998688616 ROBOTICA_9 12 37
1406998688741 ROBOTICA_9 12 62
1406998688842 ROBOTICA_9 12 63
1406998688951 ROBOTICA_9 12 72
1406998689057 ROBOTICA_9 12 77
1406998689151 ROBOTICA_9 12 71
1406998689252 ROBOTICA_9 12 72
1406998689331 ROBOTICA_9 12 51
1406998689421 ROBOTICA_9 12 41
1406998689542 ROBOTICA_9 12 62
1406998689648 ROBOTICA_9 12 68
1406998689751 ROBOTICA_9 12 70
1406998689847 ROBOTICA_9 12 66
1406998689967 ROBOTICA_9 12 87
1406998690017 ROBOTICA_9 12 38
1406998690140 ROBOTICA_9 12 61
1406998690246 ROBOTICA_9 12 68
1406998690356 ROBOTICA_9 12 78
1406998690452 ROBOTICA_9 12 74
1406998690563 ROBOTICA_9 12 85
1406998690662 ROBOTICA_9 12 84
1406998690762 ROBOTICA_9 12 84
1406998691091 ROBOTICA_9 12 63
1406998691102 ROBOTICA_9 12 74
1406998691112 ROBOTICA_9 12 82
1406998691183 ROBOTICA_9 12 80
1406998691270 ROBOTICA_9 12 68
1406998691381 ROBOTICA_9 12 79
1406998691476 ROBOTICA_9 12 74
1406998691564 ROBOTICA_9 12 62
1406998691637 ROBOTICA_9 12 36
1406998691738 ROBOTICA_9 12 37
1406998691861 ROBOTICA_9 12 61
1406998691968 ROBOTICA_9 12 68
1406998692070 ROBOTICA_9 12 70
1406998692172 ROBOTICA_9 12 72
1406998692494 ROBOTICA_9 12 100
1406998692505 ROBOTICA_9 12 111
1406998692514 ROBOTICA_9 12 96
1406998692632 ROBOTICA_9 12 114
1406998692712 ROBOTICA_9 12 94
1406998692856 ROBOTICA_9 12 139
1406998692988 ROBOTICA_9 12 171
1406998693068 ROBOTICA_9 12 152
1406998693197 ROBOTICA_9 12 182
1406998693278 ROBOTICA_9 12 163
1406998693417 ROBOTICA_9 12 203
1406998693548 ROBOTICA_9 12 234
1406998693628 ROBOTICA_9 12 215
1406998693710 ROBOTICA_9 12 196
1406998693830 ROBOTICA_9 12 216
1406998693913 ROBOTICA_9 12 200
1406998694053 ROBOTICA_9 12 240
1406998694124 ROBOTICA_9 12 211
1406998694264 ROBOTICA_9 12 251
1406998694394 ROBOTICA_9 12 282
1406998694463 ROBOTICA_9 12 251
1406998694543 ROBOTICA_9 12 231
1406998694618 ROBOTICA_9 12 202
1406998694686 ROBOTICA_9 12 174
1406998694886 ROBOTICA_9 12 275
1406998694896 ROBOTICA_9 12 186
1406998695038 ROBOTICA_9 12 228
1406998695111 ROBOTICA_9 12 202
1406998695252 ROBOTICA_9 12 242
1406998695324 ROBOTICA_9 12 214
1406998695462 ROBOTICA_9 12 252
1406998695534 ROBOTICA_9 12 224
1406998695661 ROBOTICA_9 12 251
1406998695741 ROBOTICA_9 12 231
1406998695868 ROBOTICA_9 12 258
1406998695949 ROBOTICA_9 12 239
1406998696022 ROBOTICA_9 12 212
1406998696092 ROBOTICA_9 12 182
1406998696168 ROBOTICA_9 12 159
1406998696296 ROBOTICA_9 12 187
1406998696318 ROBOTICA_9 12 108
1406998696437 ROBOTICA_9 12 128
1406998696574 ROBOTICA_9 12 165
1406998696656 ROBOTICA_9 12 148
1406998696787 ROBOTICA_9 12 179
1406998696868 ROBOTICA_9 12 160
1406998696998 ROBOTICA_9 12 190
1406998697008 ROBOTICA_9 12 100
1406998697220 ROBOTICA_9 12 212
1406998697362 ROBOTICA_9 12 254
1406998697433 ROBOTICA_9 12 225
1406998697563 ROBOTICA_9 12 255
1406998697645 ROBOTICA_9 12 237
1406998697720 ROBOTICA_9 12 213
1406998697792 ROBOTICA_9 12 184
1406998697921 ROBOTICA_9 12 214
1406998697991 ROBOTICA_9 12 185
1406998698071 ROBOTICA_9 12 166
1406998698210 ROBOTICA_9 12 205
1406998698293 ROBOTICA_9 12 189
1406998698303 ROBOTICA_9 12 99
1406998698492 ROBOTICA_9 12 189
1406998698503 ROBOTICA_9 12 99
1406998698714 ROBOTICA_9 12 211
1406998698784 ROBOTICA_9 12 181
1406998698913 ROBOTICA_9 12 210
1406998698992 ROBOTICA_9 12 189
1406998699049 ROBOTICA_9 12 146
1406998699257 ROBOTICA_9 12 254
1406998699268 ROBOTICA_9 12 165
1406998699477 ROBOTICA_9 12 275
1406998699487 ROBOTICA_9 12 184
1406998699702 ROBOTICA_9 12 299
1406998699757 ROBOTICA_9 12 255
1406998699767 ROBOTICA_9 12 165
1406998699914 ROBOTICA_9 12 213
1406998699924 ROBOTICA_9 12 123
1406998700117 ROBOTICA_9 12 217
1406998700128 ROBOTICA_9 12 127
1406998700258 ROBOTICA_9 12 157
1406998700340 ROBOTICA_9 12 140
1406998700539 ROBOTICA_9 12 239
1406998700622 ROBOTICA_9 12 223
1406998700751 ROBOTICA_9 12 252
1406998700761 ROBOTICA_9 12 162
1406998701031 ROBOTICA_9 12 332
1406998701041 ROBOTICA_9 12 242
1406998701247 ROBOTICA_9 12 347
1406998701256 ROBOTICA_9 12 256
1406998701523 ROBOTICA_9 12 191
1406998701606 ROBOTICA_9 12 274
1406998701617 ROBOTICA_9 12 285
1406998701626 ROBOTICA_9 12 197
1406998701746 ROBOTICA_9 12 217
1406998701876 ROBOTICA_9 12 248
1406998701886 ROBOTICA_9 12 158
1406998702098 ROBOTICA_9 12 270
1406998702168 ROBOTICA_9 12 240
1406998702239 ROBOTICA_9 12 212
1406998702318 ROBOTICA_9 12 192
1406998702375 ROBOTICA_9 12 149
1406998702725 ROBOTICA_9 12 136
1406998702738 ROBOTICA_9 12 149
1406998702797 ROBOTICA_9 12 207
1406998702808 ROBOTICA_9 12 177
1406998702879 ROBOTICA_9 12 148
1406998702962 ROBOTICA_9 12 131
1406998703014 ROBOTICA_9 12 83
1406998703167 ROBOTICA_9 12 137
1406998703227 ROBOTICA_9 12 97
1406998703381 ROBOTICA_9 12 151
1406998703441 ROBOTICA_9 12 111
1406998703524 ROBOTICA_9 12 93
1406998703651 ROBOTICA_9 12 120
1406998703718 ROBOTICA_9 12 87
1406998703870 ROBOTICA_9 12 140
1406998703931 ROBOTICA_9 12 101
1406998704082 ROBOTICA_9 12 152
1406998704148 ROBOTICA_9 12 118
1406998704231 ROBOTICA_9 12 101
1406998704373 ROBOTICA_9 12 143
1406998704502 ROBOTICA_9 12 172
1406998704584 ROBOTICA_9 12 154
1406998704714 ROBOTICA_9 12 184
1406998704734 ROBOTICA_9 12 104
1406998704992 ROBOTICA_9 12 258
1406998705002 ROBOTICA_9 12 168
1406998705135 ROBOTICA_9 12 201
1406998705243 ROBOTICA_9 12 209
1406998705263 ROBOTICA_9 12 129
1406998705296 ROBOTICA_9 12 63
1406998705393 ROBOTICA_9 12 61
1406998705493 ROBOTICA_9 12 61
1406998705617 ROBOTICA_9 12 86
1406998705667 ROBOTICA_9 12 37
1406998705791 ROBOTICA_9 12 61
1406998705894 ROBOTICA_9 12 64
1406998705993 ROBOTICA_9 12 63
1406998706093 ROBOTICA_9 12 63
1406998706191 ROBOTICA_9 12 61
1406998706316 ROBOTICA_9 12 86
1406998706367 ROBOTICA_9 12 38
1406998706487 ROBOTICA_9 12 59
1406998706596 ROBOTICA_9 12 69
1406998706701 ROBOTICA_9 12 74
1406998706789 ROBOTICA_9 12 61
1406998706889 ROBOTICA_9 12 62
1406998706962 ROBOTICA_9 12 36
1406998707062 ROBOTICA_9 12 37
1406998707187 ROBOTICA_9 12 62
1406998707293 ROBOTICA_9 12 69
1406998707397 ROBOTICA_9 12 74
1406998707497 ROBOTICA_9 12 74
1406998707611 ROBOTICA_9 12 88
1406998707661 ROBOTICA_9 12 38
1406998707767 ROBOTICA_9 12 44
1406998707896 ROBOTICA_9 12 74
1406998707998 ROBOTICA_9 12 76
1406998708098 ROBOTICA_9 12 76
1406998708198 ROBOTICA_9 12 76
1406998708304 ROBOTICA_9 12 82
1406998708359 ROBOTICA_9 12 37
1406998708481 ROBOTICA_9 12 60
1406998708584 ROBOTICA_9 12 63
1406998708689 ROBOTICA_9 12 69
1406998708792 ROBOTICA_9 12 73
1406998708892 ROBOTICA_9 12 73
1406998709017 ROBOTICA_9 12 98
1406998709117 ROBOTICA_9 12 98
1406998709154 ROBOTICA_9 12 36
1406998709282 ROBOTICA_9 12 65
1406998709388 ROBOTICA_9 12 71
1406998709488 ROBOTICA_9 12 71
1406998709591 ROBOTICA_9 12 74
1406998709718 ROBOTICA_9 12 101
1406998709752 ROBOTICA_9 12 36
1406998709853 ROBOTICA_9 12 37
1406998709981 ROBOTICA_9 12 65
1406998710088 ROBOTICA_9 12 72
1406998710188 ROBOTICA_9 12 73
1406998710298 ROBOTICA_9 12 83
1406998710396 ROBOTICA_9 12 81
1406998710450 ROBOTICA_9 12 36
1406998710551 ROBOTICA_9 12 37
1406998710651 ROBOTICA_9 12 38
1406998710784 ROBOTICA_9 12 70
1406998711155 ROBOTICA_9 12 66
1406998711166 ROBOTICA_9 12 77
1406998711177 ROBOTICA_9 12 88
1406998711217 ROBOTICA_9 12 98
1406998711253 ROBOTICA_9 12 35
1406998711378 ROBOTICA_9 12 60
1406998711481 ROBOTICA_9 12 63
1406998711609 ROBOTICA_9 12 91
1406998711693 ROBOTICA_9 12 75
1406998711817 ROBOTICA_9 12 99
1406998711853 ROBOTICA_9 12 35
1406998711954 ROBOTICA_9 12 36
1406998712063 ROBOTICA_9 12 45
1406998712159 ROBOTICA_9 12 41
1406998712283 ROBOTICA_9 12 65
1406998712387 ROBOTICA_9 12 69
1406998712722 ROBOTICA_9 12 101
1406998712733 ROBOTICA_9 12 111
1406998712744 ROBOTICA_9 12 122
1406998712764 ROBOTICA_9 12 44
1406998712891 ROBOTICA_9 12 71
1406998712982 ROBOTICA_9 12 62
1406998713083 ROBOTICA_9 12 62
1406998713189 ROBOTICA_9 12 69
1406998713318 ROBOTICA_9 12 98
1406998713354 ROBOTICA_9 12 35
1406998713454 ROBOTICA_9 12 35
1406998713557 ROBOTICA_9 12 38
1406998713682 ROBOTICA_9 12 63
1406998713782 ROBOTICA_9 12 63
1406998713879 ROBOTICA_9 12 60
1406998713953 ROBOTICA_9 12 35
1406998714056 ROBOTICA_9 12 38
1406998714172 ROBOTICA_9 12 54
1406998714281 ROBOTICA_9 12 63
1406998714382 ROBOTICA_9 12 64
1406998714481 ROBOTICA_9 12 62
1406998714581 ROBOTICA_9 12 63
1406998714704 ROBOTICA_9 12 86
1406998714755 ROBOTICA_9 12 38
1406998714853 ROBOTICA_9 12 36
1406998714979 ROBOTICA_9 12 62
1406998715079 ROBOTICA_9 12 62
1406998715179 ROBOTICA_9 12 62
1406998715278 ROBOTICA_9 12 60
1406998715403 ROBOTICA_9 12 85
1406998715452 ROBOTICA_9 12 35
1406998715553 ROBOTICA_9 12 37
1406998715653 ROBOTICA_9 12 38
1406998715752 ROBOTICA_9 12 37
1406998715861 ROBOTICA_9 12 47
1406998715952 ROBOTICA_9 12 38
1406998716076 ROBOTICA_9 12 62
1406998716159 ROBOTICA_9 12 45
1406998716259 ROBOTICA_9 12 46
1406998716353 ROBOTICA_9 12 40
1406998716474 ROBOTICA_9 12 61
1406998716576 ROBOTICA_9 12 63
1406998716676 ROBOTICA_9 12 63
1406998716774 ROBOTICA_9 12 61
1406998716876 ROBOTICA_9 12 63
1406998716976 ROBOTICA_9 12 63
1406998717076 ROBOTICA_9 12 63
1406998717176 ROBOTICA_9 12 62
1406998717276 ROBOTICA_9 12 62
1406998717376 ROBOTICA_9 12 62
1406998717486 ROBOTICA_9 12 73
1406998717574 ROBOTICA_9 12 61
1406998717676 ROBOTICA_9 12 63
1406998717774 ROBOTICA_9 12 61
1406998717874 ROBOTICA_9 12 61
1406998717976 ROBOTICA_9 12 63
1406998718076 ROBOTICA_9 12 63
1406998718173 ROBOTICA_9 12 61
1406998718274 ROBOTICA_9 12 62
1406998718398 ROBOTICA_9 12 86
1406998718499 ROBOTICA_9 12 87
1406998718598 ROBOTICA_9 12 87
1406998718698 ROBOTICA_9 12 87
1406998718747 ROBOTICA_9 12 37
1406998718847 ROBOTICA_9 12 37
1406998719000 ROBOTICA_9 12 90
1406998719047 ROBOTICA_9 12 37
1406998719147 ROBOTICA_9 12 37
1406998719247 ROBOTICA_9 12 37
1406998719347 ROBOTICA_9 12 37
1406998719446 ROBOTICA_9 12 37
1406998719546 ROBOTICA_9 12 37
1406998719646 ROBOTICA_9 12 37
1406998719747 ROBOTICA_9 12 38
1406998719846 ROBOTICA_9 12 37
1406998719945 ROBOTICA_9 12 36
1406998720052 ROBOTICA_9 12 43
1406998720147 ROBOTICA_9 12 38
1406998720254 ROBOTICA_9 12 45
1406998720356 ROBOTICA_9 12 47
1406998720472 ROBOTICA_9 12 63
1406998720574 ROBOTICA_9 12 65
1406998720671 ROBOTICA_9 12 62
1406998720771 ROBOTICA_9 12 62
1406998721118 ROBOTICA_9 12 64
1406998721129 ROBOTICA_9 12 75
1406998721140 ROBOTICA_9 12 85
1406998721177 ROBOTICA_9 12 63
1406998721276 ROBOTICA_9 12 62
1406998721375 ROBOTICA_9 12 61
1406998721476 ROBOTICA_9 12 62
1406998721562 ROBOTICA_9 12 48
1406998721676 ROBOTICA_9 12 62
1406998721776 ROBOTICA_9 12 62
1406998721864 ROBOTICA_9 12 50
1406998721976 ROBOTICA_9 12 62
1406998722076 ROBOTICA_9 12 62
1406998722176 ROBOTICA_9 12 62
1406998722276 ROBOTICA_9 12 62
1406998722375 ROBOTICA_9 12 61
1406998722476 ROBOTICA_9 12 62
1406998722576 ROBOTICA_9 12 62
1406998722677 ROBOTICA_9 12 63
1406998722776 ROBOTICA_9 12 62
1406998722874 ROBOTICA_9 12 60
1406998722976 ROBOTICA_9 12 62
1406998723101 ROBOTICA_9 12 87
1406998723193 ROBOTICA_9 12 80
1406998723301 ROBOTICA_9 12 88
1406998723400 ROBOTICA_9 12 87
1406998723449 ROBOTICA_9 12 37
1406998723549 ROBOTICA_9 12 37
1406998723649 ROBOTICA_9 12 37
1406998723749 ROBOTICA_9 12 37
1406998723850 ROBOTICA_9 12 38
1406998723949 ROBOTICA_9 12 37
1406998724050 ROBOTICA_9 12 38
1406998724148 ROBOTICA_9 12 37
1406998724249 ROBOTICA_9 12 37
1406998724417 ROBOTICA_9 12 105
1406998724451 ROBOTICA_9 12 38
1406998724551 ROBOTICA_9 12 38
1406998724660 ROBOTICA_9 12 47
1406998724752 ROBOTICA_9 12 39
1406998724853 ROBOTICA_9 12 40
1406998724953 ROBOTICA_9 12 39
1406998725049 ROBOTICA_9 12 35
1406998725150 ROBOTICA_9 12 36
1406998725273 ROBOTICA_9 12 60
1406998725376 ROBOTICA_9 12 63
1406998725477 ROBOTICA_9 12 63
1406998725576 ROBOTICA_9 12 63
1406998725698 ROBOTICA_9 12 84
1406998725776 ROBOTICA_9 12 62
1406998725876 ROBOTICA_9 12 62
1406998725976 ROBOTICA_9 12 62
1406998726076 ROBOTICA_9 12 62
1406998726176 ROBOTICA_9 12 62
1406998726277 ROBOTICA_9 12 63
1406998726376 ROBOTICA_9 12 62
1406998726478 ROBOTICA_9 12 64
1406998726576 ROBOTICA_9 12 62
1406998726674 ROBOTICA_9 12 60
1406998726776 ROBOTICA_9 12 62
1406998726876 ROBOTICA_9 12 62
1406998726980 ROBOTICA_9 12 66
1406998727076 ROBOTICA_9 12 62
1406998727176 ROBOTICA_9 12 62
1406998727276 ROBOTICA_9 12 62
1406998727399 ROBOTICA_9 12 85
1406998727477 ROBOTICA_9 12 63
1406998727599 ROBOTICA_9 12 85
1406998727701 ROBOTICA_9 12 87
1406998727801 ROBOTICA_9 12 88
1406998727849 ROBOTICA_9 12 36
1406998727947 ROBOTICA_9 12 35
1406998728050 ROBOTICA_9 12 38
1406998728150 ROBOTICA_9 12 38
1406998728261 ROBOTICA_9 12 49
1406998728349 ROBOTICA_9 12 37
1406998728449 ROBOTICA_9 12 36
1406998728549 ROBOTICA_9 12 36
1406998728650 ROBOTICA_9 12 37
1406998728750 ROBOTICA_9 12 37
1406998728857 ROBOTICA_9 12 44
1406998728958 ROBOTICA_9 12 45
1406998729052 ROBOTICA_9 12 39
1406998729153 ROBOTICA_9 12 40
1406998729250 ROBOTICA_9 12 37
1406998729350 ROBOTICA_9 12 37
1406998729450 ROBOTICA_9 12 37
1406998729618 ROBOTICA_9 12 105
1406998729677 ROBOTICA_9 12 65
1406998729774 ROBOTICA_9 12 62
1406998729874 ROBOTICA_9 12 62
1406998729974 ROBOTICA_9 12 62
1406998730074 ROBOTICA_9 12 62
1406998730173 ROBOTICA_9 12 62
1406998730273 ROBOTICA_9 12 62
1406998730373 ROBOTICA_9 12 62
1406998730473 ROBOTICA_9 12 62
1406998730573 ROBOTICA_9 12 62
1406998730673 ROBOTICA_9 12 62
1406998730773 ROBOTICA_9 12 62
1406998731124 ROBOTICA_9 12 81
1406998731135 ROBOTICA_9 12 92
1406998731144 ROBOTICA_9 12 101
1406998731183 ROBOTICA_9 12 64
1406998731282 ROBOTICA_9 12 63
1406998731382 ROBOTICA_9 12 63
1406998731482 ROBOTICA_9 12 63
1406998731581 ROBOTICA_9 12 62
1406998731681 ROBOTICA_9 12 62
1406998731781 ROBOTICA_9 12 62
1406998731881 ROBOTICA_9 12 62
1406998731980 ROBOTICA_9 12 61
1406998732103 ROBOTICA_9 12 84
1406998732181 ROBOTICA_9 12 62
1406998732281 ROBOTICA_9 12 62
1406998732406 ROBOTICA_9 12 87
1406998732506 ROBOTICA_9 12 88
1406998732604 ROBOTICA_9 12 87
1406998732652 ROBOTICA_9 12 35
1406998732753 ROBOTICA_9 12 36
1406998732853 ROBOTICA_9 12 36
1406998732954 ROBOTICA_9 12 37
1406998733054 ROBOTICA_9 12 37
1406998733154 ROBOTICA_9 12 37
1406998733254 ROBOTICA_9 12 37
1406998733384 ROBOTICA_9 12 67
1406998733457 ROBOTICA_9 12 40
1406998733557 ROBOTICA_9 12 40
1406998733657 ROBOTICA_9 12 40
1406998733797 ROBOTICA_9 12 80
1406998733856 ROBOTICA_9 12 39
1406998733954 ROBOTICA_9 12 37
1406998734054 ROBOTICA_9 12 37
1406998734152 ROBOTICA_9 12 35
1406998734254 ROBOTICA_9 12 37
1406998734377 ROBOTICA_9 12 60
1406998734479 ROBOTICA_9 12 62
1406998734580 ROBOTICA_9 12 63
1406998734665 ROBOTICA_9 12 48
1406998734780 ROBOTICA_9 12 63
1406998734880 ROBOTICA_9 12 63
1406998734980 ROBOTICA_9 12 63
1406998735080 ROBOTICA_9 12 63
1406998735180 ROBOTICA_9 12 63
1406998735294 ROBOTICA_9 12 77
1406998735432 ROBOTICA_9 12 116
1406998735501 ROBOTICA_9 12 85
1406998735639 ROBOTICA_9 12 124
1406998735710 ROBOTICA_9 12 96
1406998735844 ROBOTICA_9 12 130
1406998735914 ROBOTICA_9 12 101
1406998736054 ROBOTICA_9 12 141
1406998736125 ROBOTICA_9 12 112
1406998736200 ROBOTICA_9 12 87
1406998736336 ROBOTICA_9 12 123
1406998736406 ROBOTICA_9 12 93
1406998736543 ROBOTICA_9 12 130
1406998736614 ROBOTICA_9 12 101
1406998736751 ROBOTICA_9 12 138
1406998736821 ROBOTICA_9 12 108
1406998736891 ROBOTICA_9 12 78
1406998737052 ROBOTICA_9 12 139
1406998737131 ROBOTICA_9 12 118
1406998737209 ROBOTICA_9 12 95
1406998737335 ROBOTICA_9 12 121
1406998737405 ROBOTICA_9 12 92
1406998737546 ROBOTICA_9 12 133
1406998737616 ROBOTICA_9 12 104
1406998737687 ROBOTICA_9 12 76
1406998737823 ROBOTICA_9 12 112
1406998737893 ROBOTICA_9 12 83
1406998738031 ROBOTICA_9 12 121
1406998738109 ROBOTICA_9 12 99
1406998738240 ROBOTICA_9 12 130
1406998738308 ROBOTICA_9 12 98
1406998738451 ROBOTICA_9 12 142
1406998738521 ROBOTICA_9 12 112
1406998738591 ROBOTICA_9 12 82
1406998738730 ROBOTICA_9 12 121
1406998738800 ROBOTICA_9 12 91
1406998738937 ROBOTICA_9 12 128
1406998739007 ROBOTICA_9 12 98
1406998739143 ROBOTICA_9 12 135
1406998739213 ROBOTICA_9 12 105
1406998739283 ROBOTICA_9 12 75
1406998739421 ROBOTICA_9 12 113
1406998739491 ROBOTICA_9 12 83
1406998739628 ROBOTICA_9 12 120
1406998739698 ROBOTICA_9 12 90
1406998739836 ROBOTICA_9 12 128
1406998739906 ROBOTICA_9 12 98
1406998740041 ROBOTICA_9 12 133
1406998740113 ROBOTICA_9 12 100
1406998740182 ROBOTICA_9 12 74
1406998740317 ROBOTICA_9 12 109
1406998740387 ROBOTICA_9 12 80
1406998740522 ROBOTICA_9 12 115
1406998740591 ROBOTICA_9 12 84
1406998740727 ROBOTICA_9 12 120
1406998740801 ROBOTICA_9 12 94
1406998741146 ROBOTICA_9 12 86
1406998741156 ROBOTICA_9 12 95
1406998741197 ROBOTICA_9 12 136
1406998741208 ROBOTICA_9 12 97
1406998741248 ROBOTICA_9 12 37
1406998741441 ROBOTICA_9 12 130
1406998741510 ROBOTICA_9 12 99
1406998741649 ROBOTICA_9 12 138
1406998741722 ROBOTICA_9 12 111
1406998741791 ROBOTICA_9 12 80
1406998741933 ROBOTICA_9 12 122
1406998742003 ROBOTICA_9 12 92
1406998742141 ROBOTICA_9 12 130
1406998742211 ROBOTICA_9 12 100
1406998742347 ROBOTICA_9 12 135
1406998742417 ROBOTICA_9 12 106
1406998742486 ROBOTICA_9 12 75
1406998742621 ROBOTICA_9 12 111
1406998742691 ROBOTICA_9 12 81
1406998742828 ROBOTICA_9 12 118
1406998742898 ROBOTICA_9 12 88
1406998743034 ROBOTICA_9 12 124
1406998743104 ROBOTICA_9 12 95
1406998743241 ROBOTICA_9 12 133
1406998743310 ROBOTICA_9 12 102
1406998743381 ROBOTICA_9 12 74
1406998743518 ROBOTICA_9 12 111
1406998743588 ROBOTICA_9 12 81
1406998743725 ROBOTICA_9 12 118
1406998743795 ROBOTICA_9 12 88
1406998743933 ROBOTICA_9 12 127
1406998744003 ROBOTICA_9 12 96
1406998744206 ROBOTICA_9 12 200
1406998744217 ROBOTICA_9 12 111
1406998744343 ROBOTICA_9 12 137
1406998744414 ROBOTICA_9 12 108
1406998744487 ROBOTICA_9 12 81
1406998744623 ROBOTICA_9 12 117
1406998744698 ROBOTICA_9 12 92
1406998744836 ROBOTICA_9 12 130
1406998744906 ROBOTICA_9 12 100
1406998745043 ROBOTICA_9 12 137
1406998745112 ROBOTICA_9 12 106
1406998745181 ROBOTICA_9 12 75
1406998745318 ROBOTICA_9 12 112
1406998745388 ROBOTICA_9 12 82
1406998745525 ROBOTICA_9 12 120
1406998745595 ROBOTICA_9 12 90
1406998745732 ROBOTICA_9 12 127
1406998745802 ROBOTICA_9 12 98
1406998745938 ROBOTICA_9 12 135
1406998746008 ROBOTICA_9 12 105
1406998746078 ROBOTICA_9 12 75
1406998746218 ROBOTICA_9 12 115
1406998746288 ROBOTICA_9 12 84
1406998746426 ROBOTICA_9 12 123
1406998746496 ROBOTICA_9 12 93
1406998746632 ROBOTICA_9 12 130
1406998746713 ROBOTICA_9 12 111
1406998746837 ROBOTICA_9 12 136
1406998746904 ROBOTICA_9 12 102
1406998746974 ROBOTICA_9 12 72
1406998747122 ROBOTICA_9 12 120
1406998747192 ROBOTICA_9 12 90
1406998747329 ROBOTICA_9 12 127
1406998747401 ROBOTICA_9 12 99
1406998747537 ROBOTICA_9 12 136
1406998747607 ROBOTICA_9 12 106
1406998747677 ROBOTICA_9 12 76
1406998747814 ROBOTICA_9 12 113
1406998747884 ROBOTICA_9 12 83
1406998748022 ROBOTICA_9 12 121
1406998748087 ROBOTICA_9 12 86
1406998748172 ROBOTICA_9 12 71
1406998748314 ROBOTICA_9 12 114
1406998748380 ROBOTICA_9 12 71
1406998748489 ROBOTICA_9 12 90
1406998748572 ROBOTICA_9 12 73
1406998748665 ROBOTICA_9 12 67
1406998748734 ROBOTICA_9 12 35
1406998748836 ROBOTICA_9 12 37
1406998748936 ROBOTICA_9 12 37
1406998749037 ROBOTICA_9 12 38
1406998749137 ROBOTICA_9 12 38
1406998749272 ROBOTICA_9 12 73
1406998749337 ROBOTICA_9 12 38
1406998749441 ROBOTICA_9 12 42
1406998749525 ROBOTICA_9 12 26
1406998749659 ROBOTICA_9 12 59
1406998749758 ROBOTICA_9 12 59
1406998749838 ROBOTICA_9 12 39
1406998749938 ROBOTICA_9 12 39
1406998750037 ROBOTICA_9 12 38
1406998750135 ROBOTICA_9 12 37
1406998750235 ROBOTICA_9 12 36
1406998750335 ROBOTICA_9 12 37
1406998750459 ROBOTICA_9 12 61
1406998750559 ROBOTICA_9 12 61
1406998750659 ROBOTICA_9 12 62
1406998750788 ROBOTICA_9 12 91
1406998749049 ROBOTICA_8 12 150
1406998749071 ROBOTICA_8 12 72
1406998749172 ROBOTICA_8 12 72
1406998749237 ROBOTICA_8 12 37
1406998749396 ROBOTICA_8 12 96
1406998749516 ROBOTICA_8 12 116
1406998749748 ROBOTICA_8 12 49
1406998749848 ROBOTICA_8 12 49
1406998749948 ROBOTICA_8 12 48
1406998750048 ROBOTICA_8 12 48
1406998750145 ROBOTICA_8 12 46
1406998750276 ROBOTICA_8 12 77
1406998750377 ROBOTICA_8 12 78
1406998750469 ROBOTICA_8 12 70
1406998750569 ROBOTICA_8 12 71
1406998750669 ROBOTICA_8 12 71
1406998750786 ROBOTICA_8 12 88
1406998751113 ROBOTICA_8 12 82
1406998751140 ROBOTICA_8 12 108
1406998751150 ROBOTICA_8 12 118
1406998751188 ROBOTICA_8 12 84
1406998751277 ROBOTICA_8 12 72
1406998751401 ROBOTICA_8 12 96
1406998751447 ROBOTICA_8 12 43
1406998751548 ROBOTICA_8 12 45
1406998751848 ROBOTICA_8 12 43
1406998751966 ROBOTICA_8 12 61
1406998752067 ROBOTICA_8 12 62
1406998752178 ROBOTICA_8 12 73
1406998752256 ROBOTICA_8 12 52
1406998752377 ROBOTICA_8 12 74
1406998752476 ROBOTICA_8 12 73
1406998752575 ROBOTICA_8 12 73
1406998752672 ROBOTICA_8 12 71
1406998752772 ROBOTICA_8 12 71
1406998752873 ROBOTICA_8 12 71
1406998752991 ROBOTICA_8 12 90
1406998753098 ROBOTICA_8 12 96
1406998753147 ROBOTICA_8 12 43
1406998753243 ROBOTICA_8 12 41
1406998753447 ROBOTICA_8 12 45
1406998753538 ROBOTICA_8 12 36
1406998753649 ROBOTICA_8 12 47
1406998753773 ROBOTICA_8 12 71
1406998753864 ROBOTICA_8 12 61
1406998753948 ROBOTICA_8 12 45
1406998754052 ROBOTICA_8 12 49
1406998754154 ROBOTICA_8 12 51
1406998754283 ROBOTICA_8 12 80
1406998754357 ROBOTICA_8 12 53
1406998754462 ROBOTICA_8 12 58
1406998754567 ROBOTICA_8 12 64
1406998754876 ROBOTICA_8 12 74
1406998754949 ROBOTICA_8 12 47
1406998755098 ROBOTICA_8 12 96
1406998755181 ROBOTICA_8 12 80
1406998755247 ROBOTICA_8 12 46
1406998755394 ROBOTICA_8 12 92
1406998755451 ROBOTICA_8 12 49
1406998755550 ROBOTICA_8 12 48
1406998755647 ROBOTICA_8 12 44
1406998755747 ROBOTICA_8 12 44
1406998755847 ROBOTICA_8 12 44
1406998755974 ROBOTICA_8 12 71
1406998756073 ROBOTICA_8 12 70
1406998756163 ROBOTICA_8 12 60
1406998756277 ROBOTICA_8 12 74
1406998756374 ROBOTICA_8 12 71
1406998756477 ROBOTICA_8 12 74
1406998756577 ROBOTICA_8 12 74
1406998756677 ROBOTICA_8 12 74
1406998756776 ROBOTICA_8 12 73
1406998756884 ROBOTICA_8 12 81
1406998756987 ROBOTICA_8 12 84
1406998757077 ROBOTICA_8 12 74
1406998757188 ROBOTICA_8 12 84
1406998757242 ROBOTICA_8 12 39
1406998757347 ROBOTICA_8 12 44
1406998757446 ROBOTICA_8 12 43
1406998757563 ROBOTICA_8 12 60
1406998757646 ROBOTICA_8 12 43
1406998757746 ROBOTICA_8 12 44
1406998757871 ROBOTICA_8 12 69
1406998757962 ROBOTICA_8 12 61
1406998758072 ROBOTICA_8 12 71
1406998758172 ROBOTICA_8 12 71
1406998758283 ROBOTICA_8 12 82
1406998758374 ROBOTICA_8 12 72
1406998758494 ROBOTICA_8 12 86
1406998758571 ROBOTICA_8 12 64
1406998758691 ROBOTICA_8 12 84
1406998758782 ROBOTICA_8 12 75
1406998758877 ROBOTICA_8 12 71
1406998758977 ROBOTICA_8 12 72
1406998759042 ROBOTICA_8 12 37
1406998759150 ROBOTICA_8 12 46
1406998759240 ROBOTICA_8 12 36
1406998759353 ROBOTICA_8 12 48
1406998759449 ROBOTICA_8 12 44
1406998759541 ROBOTICA_8 12 36
1406998751090 ROBOTICA_9 12 59
1406998751130 ROBOTICA_9 12 99
1406998751140 ROBOTICA_9 12 108
1406998751153 ROBOTICA_9 12 49
1406998751266 ROBOTICA_9 12 62
1406998751366 ROBOTICA_9 12 62
1406998751469 ROBOTICA_9 12 66
1406998751567 ROBOTICA_9 12 64
1406998751666 ROBOTICA_9 12 63
1406998751766 ROBOTICA_9 12 62
1406998751867 ROBOTICA_9 12 63
1406998751976 ROBOTICA_9 12 72
1406998752071 ROBOTICA_9 12 67
1406998752166 ROBOTICA_9 12 62
1406998752276 ROBOTICA_9 12 73
1406998752366 ROBOTICA_9 12 63
1406998752465 ROBOTICA_9 12 63
1406998752563 ROBOTICA_9 12 62
1406998752663 ROBOTICA_9 12 62
1406998752763 ROBOTICA_9 12 62
1406998752864 ROBOTICA_9 12 63
1406998752969 ROBOTICA_9 12 68
1406998753088 ROBOTICA_9 12 87
1406998753166 ROBOTICA_9 12 63
1406998753278 ROBOTICA_9 12 76
1406998753371 ROBOTICA_9 12 69
1406998753436 ROBOTICA_9 12 34
1406998753579 ROBOTICA_9 12 77
1406998753639 ROBOTICA_9 12 37
1406998753738 ROBOTICA_9 12 36
1406998753874 ROBOTICA_9 12 72
1406998753939 ROBOTICA_9 12 37
1406998754028 ROBOTICA_9 12 26
1406998754134 ROBOTICA_9 12 31
1406998754228 ROBOTICA_9 12 25
1406998754398 ROBOTICA_9 12 95
1406998754452 ROBOTICA_9 12 49
1406998754553 ROBOTICA_9 12 51
1406998754689 ROBOTICA_9 12 87
1406998754746 ROBOTICA_9 12 45
1406998754856 ROBOTICA_9 12 55
1406998754938 ROBOTICA_9 12 37
1406998755057 ROBOTICA_9 12 56
1406998755161 ROBOTICA_9 12 60
1406998755268 ROBOTICA_9 12 67
1406998755363 ROBOTICA_9 12 62
1406998755466 ROBOTICA_9 12 65
1406998755566 ROBOTICA_9 12 65
1406998755665 ROBOTICA_9 12 63
1406998755766 ROBOTICA_9 12 64
1406998755866 ROBOTICA_9 12 64
1406998755964 ROBOTICA_9 12 62
1406998756063 ROBOTICA_9 12 61
1406998756173 ROBOTICA_9 12 71
1406998756257 ROBOTICA_9 12 55
1406998756364 ROBOTICA_9 12 62
1406998756464 ROBOTICA_9 12 62
1406998756564 ROBOTICA_9 12 62
1406998756664 ROBOTICA_9 12 62
1406998756764 ROBOTICA_9 12 62
1406998756864 ROBOTICA_9 12 62
1406998756964 ROBOTICA_9 12 62
1406998757064 ROBOTICA_9 12 62
1406998757198 ROBOTICA_9 12 95
1406998757277 ROBOTICA_9 12 75
1406998757364 ROBOTICA_9 12 62
1406998757488 ROBOTICA_9 12 86
1406998757573 ROBOTICA_9 12 71
1406998757688 ROBOTICA_9 12 86
1406998757788 ROBOTICA_9 12 87
1406998757888 ROBOTICA_9 12 87
1406998757972 ROBOTICA_9 12 72
1406998758037 ROBOTICA_9 12 37
1406998758137 ROBOTICA_9 12 37
1406998758274 ROBOTICA_9 12 73
1406998758326 ROBOTICA_9 12 25
1406998758504 ROBOTICA_9 12 97
1406998758529 ROBOTICA_9 12 22
1406998758682 ROBOTICA_9 12 76
1406998758747 ROBOTICA_9 12 41
1406998758843 ROBOTICA_9 12 38
1406998758942 ROBOTICA_9 12 37
1406998759051 ROBOTICA_9 12 47
1406998759141 ROBOTICA_9 12 37
1406998759250 ROBOTICA_9 12 46
1406998759342 ROBOTICA_9 12 38
1406998759441 ROBOTICA_9 12 37
1406998759550 ROBOTICA_9 12 46
1406998759894 ROBOTICA_9 12 47
1406998759936 ROBOTICA_9 12 88
1406998759946 ROBOTICA_9 12 98
1406998759996 ROBOTICA_9 12 63
1406998760096 ROBOTICA_9 12 63
1406998760206 ROBOTICA_9 12 72
1406998760296 ROBOTICA_9 12 63
1406998760408 ROBOTICA_9 12 76
1406998760519 ROBOTICA_9 12 87
1406998760608 ROBOTICA_9 12 77
1406998760668 ROBOTICA_9 12 37
1406998760749 ROBOTICA_9 12 18
1406998759909 ROBOTICA_8 12 62
1406998759920 ROBOTICA_8 12 72
1406998759929 ROBOTICA_8 12 81
1406998760013 ROBOTICA_8 12 79
1406998760106 ROBOTICA_8 12 72
1406998760171 ROBOTICA_8 12 37
1406998760277 ROBOTICA_8 12 43
1406998760373 ROBOTICA_8 12 40
1406998760477 ROBOTICA_8 12 45
1406998760567 ROBOTICA_8 12 35
1406998760678 ROBOTICA_8 12 46
1406998760795 ROBOTICA_8 12 63
1406998761089 ROBOTICA_8 12 49
1406998761185 ROBOTICA_8 12 47
1406998761312 ROBOTICA_8 12 74
1406998761412 ROBOTICA_8 12 74
1406998761511 ROBOTICA_8 12 73
1406998761611 ROBOTICA_8 12 72
1406998761709 ROBOTICA_8 12 70
1406998761809 ROBOTICA_8 12 70
1406998761910 ROBOTICA_8 12 71
1406998762010 ROBOTICA_8 12 71
1406998762074 ROBOTICA_8 12 35
1406998762212 ROBOTICA_8 12 73
1406998762337 ROBOTICA_8 12 98
1406998762391 ROBOTICA_8 12 52
1406998762487 ROBOTICA_8 12 49
1406998762583 ROBOTICA_8 12 45
1406998762682 ROBOTICA_8 12 44
1406998762782 ROBOTICA_8 12 44
1406998762881 ROBOTICA_8 12 43
1406998762982 ROBOTICA_8 12 44
1406998763110 ROBOTICA_8 12 72
1406998763210 ROBOTICA_8 12 72
1406998763310 ROBOTICA_8 12 72
1406998763410 ROBOTICA_8 12 71
1406998763499 ROBOTICA_8 12 60
1406998763617 ROBOTICA_8 12 78
1406998763731 ROBOTICA_8 12 92
1406998763850 ROBOTICA_8 12 111
1406998763924 ROBOTICA_8 12 86
1406998764028 ROBOTICA_8 12 90
1406998764135 ROBOTICA_8 12 97
1406998764222 ROBOTICA_8 12 85
1406998764492 ROBOTICA_8 12 54
1406998764597 ROBOTICA_8 12 59
1406998764697 ROBOTICA_8 12 60
1406998764816 ROBOTICA_8 12 79
1406998764951 ROBOTICA_8 12 115
1406998764998 ROBOTICA_8 12 62
1406998765118 ROBOTICA_8 12 83
1406998765209 ROBOTICA_8 12 74
1406998765307 ROBOTICA_8 12 72
1406998765407 ROBOTICA_8 12 73
1406998765507 ROBOTICA_8 12 74
1406998765607 ROBOTICA_8 12 74
1406998765730 ROBOTICA_8 12 97
1406998765794 ROBOTICA_8 12 62
1406998765880 ROBOTICA_8 12 47
1406998765981 ROBOTICA_8 12 47
1406998766081 ROBOTICA_8 12 47
1406998766166 ROBOTICA_8 12 31
1406998766284 ROBOTICA_8 12 49
1406998766382 ROBOTICA_8 12 47
1406998766479 ROBOTICA_8 12 44
1406998766583 ROBOTICA_8 12 49
1406998766679 ROBOTICA_8 12 45
1406998766813 ROBOTICA_8 12 79
1406998766913 ROBOTICA_8 12 79
1406998767004 ROBOTICA_8 12 70
1406998767105 ROBOTICA_8 12 70
1406998767205 ROBOTICA_8 12 70
1406998767305 ROBOTICA_8 12 70
1406998767405 ROBOTICA_8 12 70
1406998767521 ROBOTICA_8 12 86
1406998767606 ROBOTICA_8 12 72
1406998767671 ROBOTICA_8 12 36
1406998767833 ROBOTICA_8 12 98
1406998767878 ROBOTICA_8 12 43
1406998767982 ROBOTICA_8 12 47
1406998768078 ROBOTICA_8 12 43
1406998768172 ROBOTICA_8 12 37
1406998768280 ROBOTICA_8 12 45
1406998768388 ROBOTICA_8 12 53
1406998768501 ROBOTICA_8 12 67
1406998768588 ROBOTICA_8 12 53
1406998768718 ROBOTICA_8 12 83
1406998768809 ROBOTICA_8 12 74
1406998768904 ROBOTICA_8 12 70
1406998768994 ROBOTICA_8 12 60
1406998769105 ROBOTICA_8 12 71
1406998769196 ROBOTICA_8 12 62
1406998769302 ROBOTICA_8 12 68
1406998769403 ROBOTICA_8 12 68
1406998769470 ROBOTICA_8 12 36
1406998769629 ROBOTICA_8 12 95
1406998769684 ROBOTICA_8 12 51
1406998769787 ROBOTICA_8 12 54
1406998769890 ROBOTICA_8 12 57
1406998770004 ROBOTICA_8 12 71
1406998761104 ROBOTICA_9 12 64
1406998761146 ROBOTICA_9 12 106
1406998761155 ROBOTICA_9 12 114
1406998761173 ROBOTICA_9 12 35
1406998761274 ROBOTICA_9 12 36
1406998761374 ROBOTICA_9 12 36
1406998761474 ROBOTICA_9 12 36
1406998761576 ROBOTICA_9 12 38
1406998761674 ROBOTICA_9 12 36
1406998761774 ROBOTICA_9 12 36
1406998761874 ROBOTICA_9 12 36
1406998761974 ROBOTICA_9 12 36
1406998762084 ROBOTICA_9 12 46
1406998762174 ROBOTICA_9 12 35
1406998762276 ROBOTICA_9 12 37
1406998762381 ROBOTICA_9 12 43
1406998762474 ROBOTICA_9 12 37
1406998762574 ROBOTICA_9 12 37
1406998762673 ROBOTICA_9 12 35
1406998762773 ROBOTICA_9 12 35
1406998762898 ROBOTICA_9 12 60
1406998762999 ROBOTICA_9 12 61
1406998763100 ROBOTICA_9 12 62
1406998763199 ROBOTICA_9 12 61
1406998763299 ROBOTICA_9 12 61
1406998763400 ROBOTICA_9 12 62
1406998763482 ROBOTICA_9 12 44
1406998763593 ROBOTICA_9 12 55
1406998763699 ROBOTICA_9 12 61
1406998763807 ROBOTICA_9 12 68
1406998763942 ROBOTICA_9 12 104
1406998763998 ROBOTICA_9 12 61
1406998764098 ROBOTICA_9 12 61
1406998764198 ROBOTICA_9 12 61
1406998764329 ROBOTICA_9 12 92
1406998764400 ROBOTICA_9 12 63
1406998764499 ROBOTICA_9 12 62
1406998764604 ROBOTICA_9 12 67
1406998764718 ROBOTICA_9 12 82
1406998764804 ROBOTICA_9 12 68
1406998764898 ROBOTICA_9 12 63
1406998765012 ROBOTICA_9 12 77
1406998765099 ROBOTICA_9 12 64
1406998765220 ROBOTICA_9 12 86
1406998765320 ROBOTICA_9 12 86
1406998765369 ROBOTICA_9 12 36
1406998765470 ROBOTICA_9 12 38
1406998765569 ROBOTICA_9 12 36
1406998765669 ROBOTICA_9 12 37
1406998765773 ROBOTICA_9 12 42
1406998765869 ROBOTICA_9 12 37
1406998765971 ROBOTICA_9 12 37
1406998766071 ROBOTICA_9 12 37
1406998766211 ROBOTICA_9 12 77
1406998766276 ROBOTICA_9 12 42
1406998766372 ROBOTICA_9 12 38
1406998766471 ROBOTICA_9 12 37
1406998766571 ROBOTICA_9 12 37
1406998766671 ROBOTICA_9 12 38
1406998766770 ROBOTICA_9 12 37
1406998766869 ROBOTICA_9 12 36
1406998766994 ROBOTICA_9 12 61
1406998767096 ROBOTICA_9 12 62
1406998767196 ROBOTICA_9 12 62
1406998767296 ROBOTICA_9 12 62
1406998767396 ROBOTICA_9 12 62
1406998767478 ROBOTICA_9 12 44
1406998767596 ROBOTICA_9 12 63
1406998767681 ROBOTICA_9 12 47
1406998767796 ROBOTICA_9 12 62
1406998767899 ROBOTICA_9 12 65
1406998768006 ROBOTICA_9 12 72
1406998768096 ROBOTICA_9 12 62
1406998768213 ROBOTICA_9 12 79
1406998768297 ROBOTICA_9 12 63
1406998768410 ROBOTICA_9 12 76
1406998768511 ROBOTICA_9 12 78
1406998768598 ROBOTICA_9 12 64
1406998768716 ROBOTICA_9 12 82
1406998768797 ROBOTICA_9 12 63
1406998768896 ROBOTICA_9 12 62
1406998769007 ROBOTICA_9 12 73
1406998769096 ROBOTICA_9 12 62
1406998769204 ROBOTICA_9 12 70
1406998769319 ROBOTICA_9 12 85
1406998769421 ROBOTICA_9 12 87
1406998769507 ROBOTICA_9 12 74
1406998769619 ROBOTICA_9 12 86
1406998769723 ROBOTICA_9 12 91
1406998769769 ROBOTICA_9 12 37
1406998769870 ROBOTICA_9 12 38
1406998769970 ROBOTICA_9 12 37
1406998770372 ROBOTICA_9 12 69
1406998770382 ROBOTICA_9 12 78
1406998770392 ROBOTICA_9 12 87
1406998770403 ROBOTICA_9 12 69
1406998770471 ROBOTICA_9 12 37
1406998770571 ROBOTICA_9 12 38
1406998770672 ROBOTICA_9 12 38
1406998770768 ROBOTICA_9 12 35
1406998770381 ROBOTICA_8 12 78
1406998770392 ROBOTICA_8 12 88
1406998770402 ROBOTICA_8 12 96
1406998770413 ROBOTICA_8 12 79
1406998770506 ROBOTICA_8 12 71
1406998770580 ROBOTICA_8 12 46
1406998770691 ROBOTICA_8 12 56
1406998770815 ROBOTICA_8 12 81
1406998771148 ROBOTICA_8 12 73
1406998771158 ROBOTICA_8 12 83
1406998771168 ROBOTICA_8 12 92
1406998771218 ROBOTICA_8 12 67
1406998771311 ROBOTICA_8 12 60
1406998771423 ROBOTICA_8 12 71
1406998771516 ROBOTICA_8 12 64
1406998771624 ROBOTICA_8 12 69
1406998771724 ROBOTICA_8 12 73
1406998771822 ROBOTICA_8 12 70
1406998771923 ROBOTICA_8 12 71
1406998772024 ROBOTICA_8 12 71
1406998772123 ROBOTICA_8 12 71
1406998772190 ROBOTICA_8 12 38
1406998772348 ROBOTICA_8 12 96
1406998772403 ROBOTICA_8 12 52
1406998772501 ROBOTICA_8 12 49
1406998772604 ROBOTICA_8 12 51
1406998772694 ROBOTICA_8 12 42
1406998772788 ROBOTICA_8 12 36
1406998772896 ROBOTICA_8 12 44
1406998773006 ROBOTICA_8 12 54
1406998773096 ROBOTICA_8 12 44
1406998773202 ROBOTICA_8 12 50
1406998773302 ROBOTICA_8 12 50
1406998773427 ROBOTICA_8 12 74
1406998773515 ROBOTICA_8 12 62
1406998773632 ROBOTICA_8 12 79
1406998773732 ROBOTICA_8 12 79
1406998773837 ROBOTICA_8 12 84
1406998773916 ROBOTICA_8 12 63
1406998774024 ROBOTICA_8 12 70
1406998774125 ROBOTICA_8 12 71
1406998774225 ROBOTICA_8 12 71
1406998774291 ROBOTICA_8 12 36
1406998774451 ROBOTICA_8 12 96
1406998774497 ROBOTICA_8 12 43
1406998774600 ROBOTICA_8 12 46
1406998774716 ROBOTICA_8 12 61
1406998774798 ROBOTICA_8 12 43
1406998774897 ROBOTICA_8 12 42
1406998775028 ROBOTICA_8 12 73
1406998775130 ROBOTICA_8 12 75
1406998775201 ROBOTICA_8 12 47
1406998775323 ROBOTICA_8 12 69
1406998775414 ROBOTICA_8 12 60
1406998775522 ROBOTICA_8 12 67
1406998775623 ROBOTICA_8 12 63
1406998775740 ROBOTICA_8 12 86
1406998775831 ROBOTICA_8 12 77
1406998775931 ROBOTICA_8 12 78
1406998776043 ROBOTICA_8 12 90
1406998776123 ROBOTICA_8 12 70
1406998776250 ROBOTICA_8 12 97
1406998776303 ROBOTICA_8 12 50
1406998776403 ROBOTICA_8 12 50
1406998776500 ROBOTICA_8 12 47
1406998776588 ROBOTICA_8 12 36
1406998776700 ROBOTICA_8 12 48
1406998776798 ROBOTICA_8 12 46
1406998776901 ROBOTICA_8 12 48
1406998777001 ROBOTICA_8 12 48
1406998777102 ROBOTICA_8 12 49
1406998777224 ROBOTICA_8 12 71
1406998777331 ROBOTICA_8 12 78
1406998777427 ROBOTICA_8 12 74
1406998777527 ROBOTICA_8 12 73
1406998777627 ROBOTICA_8 12 74
1406998777717 ROBOTICA_8 12 65
1406998777973 ROBOTICA_8 12 20
1406998778358 ROBOTICA_8 12 107
1406998778431 ROBOTICA_8 12 81
1406998778580 ROBOTICA_8 12 130
1406998778653 ROBOTICA_8 12 104
1406998778727 ROBOTICA_8 12 77
1406998778874 ROBOTICA_8 12 126
1406998778948 ROBOTICA_8 12 100
1406998779097 ROBOTICA_8 12 148
1406998779170 ROBOTICA_8 12 121
1406998779243 ROBOTICA_8 12 94
1406998779391 ROBOTICA_8 12 142
1406998779464 ROBOTICA_8 12 115
1406998779538 ROBOTICA_8 12 88
1406998779686 ROBOTICA_8 12 136
1406998779760 ROBOTICA_8 12 111
1406998779833 ROBOTICA_8 12 83
1406998779981 ROBOTICA_8 12 132
1406998780055 ROBOTICA_8 12 105
1406998780128 ROBOTICA_8 12 78
1406998780276 ROBOTICA_8 12 126
1406998780349 ROBOTICA_8 12 99
1406998780498 ROBOTICA_8 12 149
1406998771138 ROBOTICA_9 12 64
1406998771148 ROBOTICA_9 12 73
1406998771158 ROBOTICA_9 12 83
1406998771242 ROBOTICA_9 12 91
1406998771323 ROBOTICA_9 12 72
1406998771388 ROBOTICA_9 12 37
1406998771494 ROBOTICA_9 12 43
1406998771590 ROBOTICA_9 12 39
1406998771687 ROBOTICA_9 12 37
1406998771787 ROBOTICA_9 12 36
1406998771888 ROBOTICA_9 12 37
1406998771990 ROBOTICA_9 12 38
1406998772088 ROBOTICA_9 12 37
1406998772200 ROBOTICA_9 12 49
1406998772288 ROBOTICA_9 12 36
1406998772392 ROBOTICA_9 12 41
1406998772488 ROBOTICA_9 12 37
1406998772594 ROBOTICA_9 12 42
1406998772712 ROBOTICA_9 12 61
1406998772797 ROBOTICA_9 12 46
1406998772887 ROBOTICA_9 12 36
1406998772993 ROBOTICA_9 12 42
1406998773113 ROBOTICA_9 12 61
1406998773211 ROBOTICA_9 12 59
1406998773311 ROBOTICA_9 12 59
1406998773407 ROBOTICA_9 12 55
1406998773506 ROBOTICA_9 12 54
1406998773614 ROBOTICA_9 12 61
1406998773714 ROBOTICA_9 12 61
1406998773847 ROBOTICA_9 12 94
1406998773924 ROBOTICA_9 12 71
1406998774014 ROBOTICA_9 12 61
1406998774116 ROBOTICA_9 12 63
1406998774216 ROBOTICA_9 12 62
1406998774326 ROBOTICA_9 12 72
1406998774416 ROBOTICA_9 12 62
1406998774520 ROBOTICA_9 12 67
1406998774614 ROBOTICA_9 12 61
1406998774728 ROBOTICA_9 12 74
1406998774816 ROBOTICA_9 12 62
1406998774915 ROBOTICA_9 12 61
1406998775016 ROBOTICA_9 12 62
1406998775117 ROBOTICA_9 12 63
1406998775218 ROBOTICA_9 12 64
1406998775314 ROBOTICA_9 12 61
1406998775424 ROBOTICA_9 12 70
1406998775540 ROBOTICA_9 12 86
1406998775640 ROBOTICA_9 12 86
1406998775726 ROBOTICA_9 12 72
1406998775846 ROBOTICA_9 12 93
1406998775950 ROBOTICA_9 12 97
1406998775996 ROBOTICA_9 12 44
1406998776088 ROBOTICA_9 12 36
1406998776190 ROBOTICA_9 12 38
1406998776293 ROBOTICA_9 12 41
1406998776397 ROBOTICA_9 12 45
1406998776490 ROBOTICA_9 12 38
1406998776637 ROBOTICA_9 12 85
1406998776687 ROBOTICA_9 12 35
1406998776788 ROBOTICA_9 12 36
1406998776888 ROBOTICA_9 12 36
1406998776990 ROBOTICA_9 12 38
1406998777090 ROBOTICA_9 12 38
1406998777214 ROBOTICA_9 12 61
1406998777290 ROBOTICA_9 12 37
1406998777403 ROBOTICA_9 12 50
1406998777504 ROBOTICA_9 12 51
1406998777607 ROBOTICA_9 12 55
1406998777762 ROBOTICA_9 12 110
1406998777798 ROBOTICA_9 12 47
1406998777913 ROBOTICA_9 12 62
1406998778017 ROBOTICA_9 12 64
1406998778139 ROBOTICA_9 12 88
1406998778302 ROBOTICA_9 12 152
1406998778375 ROBOTICA_9 12 125
1406998778449 ROBOTICA_9 12 100
1406998778597 ROBOTICA_9 12 148
1406998778670 ROBOTICA_9 12 122
1406998778744 ROBOTICA_9 12 95
1406998778892 ROBOTICA_9 12 144
1406998778966 ROBOTICA_9 12 118
1406998779040 ROBOTICA_9 12 92
1406998779187 ROBOTICA_9 12 138
1406998779261 ROBOTICA_9 12 112
1406998779334 ROBOTICA_9 12 85
1406998779482 ROBOTICA_9 12 133
1406998779556 ROBOTICA_9 12 107
1406998779630 ROBOTICA_9 12 81
1406998779777 ROBOTICA_9 12 128
1406998779850 ROBOTICA_9 12 101
1406998779924 ROBOTICA_9 12 76
1406998780072 ROBOTICA_9 12 123
1406998780146 ROBOTICA_9 12 97
1406998780294 ROBOTICA_9 12 145
1406998780367 ROBOTICA_9 12 118
1406998780440 ROBOTICA_9 12 92
1406998780588 ROBOTICA_9 12 140
1406998780887 ROBOTICA_9 12 119
1406998780897 ROBOTICA_9 12 129
1406998780907 ROBOTICA_9 12 138
1406998780579 ROBOTICA_8 12 131
1406998780869 ROBOTICA_8 12 101
1406998780880 ROBOTICA_8 12 112
1406998780890 ROBOTICA_8 12 121
1406998780951 ROBOTICA_8 12 104
1406998781298 ROBOTICA_8 12 136
1406998781309 ROBOTICA_8 12 147
1406998781367 ROBOTICA_8 12 204
1406998781379 ROBOTICA_8 12 119
1406998781437 ROBOTICA_8 12 77
1406998781584 ROBOTICA_8 12 124
1406998781657 ROBOTICA_8 12 97
1406998781802 ROBOTICA_8 12 142
1406998781872 ROBOTICA_8 12 112
1406998781951 ROBOTICA_8 12 91
1406998782090 ROBOTICA_8 12 130
1406998782177 ROBOTICA_8 12 117
1406998782253 ROBOTICA_8 12 93
1406998782392 ROBOTICA_8 12 132
1406998782471 ROBOTICA_8 12 111
1406998782540 ROBOTICA_8 12 80
1406998782688 ROBOTICA_8 12 127
1406998782757 ROBOTICA_8 12 96
1406998782896 ROBOTICA_8 12 136
1406998782965 ROBOTICA_8 12 105
1406998783039 ROBOTICA_8 12 78
1406998783193 ROBOTICA_8 12 132
1406998783265 ROBOTICA_8 12 104
1406998783338 ROBOTICA_8 12 78
1406998783485 ROBOTICA_8 12 124
1406998783560 ROBOTICA_8 12 99
1406998783707 ROBOTICA_8 12 146
1406998783781 ROBOTICA_8 12 120
1406998783854 ROBOTICA_8 12 93
1406998784002 ROBOTICA_8 12 141
1406998784076 ROBOTICA_8 12 116
1406998784149 ROBOTICA_8 12 89
1406998784297 ROBOTICA_8 12 137
1406998784371 ROBOTICA_8 12 111
1406998784444 ROBOTICA_8 12 84
1406998784592 ROBOTICA_8 12 132
1406998784666 ROBOTICA_8 12 106
1406998784739 ROBOTICA_8 12 79
1406998784887 ROBOTICA_8 12 127
1406998784960 ROBOTICA_8 12 100
1406998785114 ROBOTICA_8 12 153
1406998785183 ROBOTICA_8 12 122
1406998785260 ROBOTICA_8 12 99
1406998785412 ROBOTICA_8 12 152
1406998785486 ROBOTICA_8 12 126
1406998785559 ROBOTICA_8 12 99
1406998785707 ROBOTICA_8 12 146
1406998785781 ROBOTICA_8 12 120
1406998785856 ROBOTICA_8 12 95
1406998786002 ROBOTICA_8 12 142
1406998786076 ROBOTICA_8 12 116
1406998786149 ROBOTICA_8 12 89
1406998786297 ROBOTICA_8 12 138
1406998786371 ROBOTICA_8 12 112
1406998786454 ROBOTICA_8 12 96
1406998786589 ROBOTICA_8 12 131
1406998786658 ROBOTICA_8 12 100
1406998786963 ROBOTICA_8 12 104
1406998787037 ROBOTICA_8 12 78
1406998787187 ROBOTICA_8 12 129
1406998787258 ROBOTICA_8 12 100
1406998787406 ROBOTICA_8 12 148
1406998787480 ROBOTICA_8 12 122
1406998787552 ROBOTICA_8 12 94
1406998787701 ROBOTICA_8 12 144
1406998787790 ROBOTICA_8 12 133
1406998787858 ROBOTICA_8 12 101
1406998787997 ROBOTICA_8 12 140
1406998788076 ROBOTICA_8 12 119
1406998788144 ROBOTICA_8 12 88
1406998788293 ROBOTICA_8 12 137
1406998788362 ROBOTICA_8 12 105
1406998788432 ROBOTICA_8 12 76
1406998788596 ROBOTICA_8 12 140
1406998788664 ROBOTICA_8 12 108
1406998788734 ROBOTICA_8 12 78
1406998788881 ROBOTICA_8 12 125
1406998788952 ROBOTICA_8 12 96
1406998789114 ROBOTICA_8 12 159
1406998789191 ROBOTICA_8 12 137
1406998789264 ROBOTICA_8 12 110
1406998789344 ROBOTICA_8 12 91
1406998789487 ROBOTICA_8 12 134
1406998789563 ROBOTICA_8 12 111
1406998789857 ROBOTICA_8 12 105
1406998789926 ROBOTICA_8 12 74
1406998790072 ROBOTICA_8 12 121
1406998790141 ROBOTICA_8 12 89
1406998790290 ROBOTICA_8 12 138
1406998790358 ROBOTICA_8 12 106
1406998790439 ROBOTICA_8 12 87
1406998790576 ROBOTICA_8 12 125
1406998790646 ROBOTICA_8 12 95
1406998790793 ROBOTICA_8 12 143
1406998790863 ROBOTICA_8 12 113
1406998780960 ROBOTICA_9 12 113
1406998781240 ROBOTICA_9 12 78
1406998781251 ROBOTICA_9 12 89
1406998781317 ROBOTICA_9 12 154
1406998781396 ROBOTICA_9 12 137
1406998781465 ROBOTICA_9 12 105
1406998781534 ROBOTICA_9 12 74
1406998781682 ROBOTICA_9 12 122
1406998781752 ROBOTICA_9 12 93
1406998781900 ROBOTICA_9 12 140
1406998781972 ROBOTICA_9 12 112
1406998782048 ROBOTICA_9 12 88
1406998782188 ROBOTICA_9 12 129
1406998782280 ROBOTICA_9 12 121
1406998782351 ROBOTICA_9 12 91
1406998782490 ROBOTICA_9 12 130
1406998782568 ROBOTICA_9 12 108
1406998782637 ROBOTICA_9 12 77
1406998782791 ROBOTICA_9 12 131
1406998782870 ROBOTICA_9 12 110
1406998782942 ROBOTICA_9 12 82
1406998783100 ROBOTICA_9 12 140
1406998783173 ROBOTICA_9 12 112
1406998783247 ROBOTICA_9 12 86
1406998783398 ROBOTICA_9 12 138
1406998783468 ROBOTICA_9 12 108
1406998783542 ROBOTICA_9 12 82
1406998783690 ROBOTICA_9 12 130
1406998783763 ROBOTICA_9 12 103
1406998783837 ROBOTICA_9 12 76
1406998783984 ROBOTICA_9 12 124
1406998784058 ROBOTICA_9 12 98
1406998784206 ROBOTICA_9 12 147
1406998784279 ROBOTICA_9 12 120
1406998784353 ROBOTICA_9 12 94
1406998784501 ROBOTICA_9 12 142
1406998784574 ROBOTICA_9 12 115
1406998784648 ROBOTICA_9 12 89
1406998784796 ROBOTICA_9 12 137
1406998784870 ROBOTICA_9 12 110
1406998784943 ROBOTICA_9 12 83
1406998785091 ROBOTICA_9 12 131
1406998785163 ROBOTICA_9 12 103
1406998785249 ROBOTICA_9 12 89
1406998785394 ROBOTICA_9 12 134
1406998785468 ROBOTICA_9 12 108
1406998785542 ROBOTICA_9 12 82
1406998785690 ROBOTICA_9 12 130
1406998785763 ROBOTICA_9 12 103
1406998785837 ROBOTICA_9 12 77
1406998785984 ROBOTICA_9 12 125
1406998786071 ROBOTICA_9 12 112
1406998786205 ROBOTICA_9 12 146
1406998786353 ROBOTICA_9 12 194
1406998786363 ROBOTICA_9 12 104
1406998786513 ROBOTICA_9 12 155
1406998786580 ROBOTICA_9 12 123
1406998786649 ROBOTICA_9 12 92
1406998786798 ROBOTICA_9 12 140
1406998786883 ROBOTICA_9 12 125
1406998787019 ROBOTICA_9 12 161
1406998787106 ROBOTICA_9 12 148
1406998787167 ROBOTICA_9 12 109
1406998787251 ROBOTICA_9 12 93
1406998787388 ROBOTICA_9 12 131
1406998787484 ROBOTICA_9 12 127
1406998787558 ROBOTICA_9 12 101
1406998787683 ROBOTICA_9 12 126
1406998787761 ROBOTICA_9 12 104
1406998787899 ROBOTICA_9 12 142
1406998787990 ROBOTICA_9 12 134
1406998788061 ROBOTICA_9 12 105
1406998788196 ROBOTICA_9 12 140
1406998788267 ROBOTICA_9 12 111
1406998788416 ROBOTICA_9 12 160
1406998788498 ROBOTICA_9 12 142
1406998788569 ROBOTICA_9 12 113
1406998788650 ROBOTICA_9 12 94
1406998788784 ROBOTICA_9 12 128
1406998788854 ROBOTICA_9 12 99
1406998789075 ROBOTICA_9 12 121
1406998789175 ROBOTICA_9 12 121
1406998789300 ROBOTICA_9 12 147
1406998789373 ROBOTICA_9 12 120
1406998789459 ROBOTICA_9 12 106
1406998789598 ROBOTICA_9 12 146
1406998789683 ROBOTICA_9 12 131
1406998789766 ROBOTICA_9 12 115
1406998789896 ROBOTICA_9 12 145
1406998789974 ROBOTICA_9 12 123
1406998790113 ROBOTICA_9 12 162
1406998790192 ROBOTICA_9 12 141
1406998790331 ROBOTICA_9 12 180
1406998790353 ROBOTICA_9 12 102
1406998790481 ROBOTICA_9 12 130
1406998790627 ROBOTICA_9 12 176
1406998790698 ROBOTICA_9 12 148
1406998790844 ROBOTICA_9 12 194
1406998790881 ROBOTICA_9 12 131
1406998790960 ROBOTICA_9 12 111
1406998791222 ROBOTICA_9 12 83
1406998791366 ROBOTICA_9 12 25
1406998791429 ROBOTICA_9 12 73
1406998791439 ROBOTICA_9 12 83
1406998791449 ROBOTICA_9 12 62
1406998791545 ROBOTICA_9 12 58
1406998791659 ROBOTICA_9 12 72
1406998791760 ROBOTICA_9 12 73
1406998791876 ROBOTICA_9 12 90
1406998791926 ROBOTICA_9 12 41
1406998792036 ROBOTICA_9 12 51
1406998792137 ROBOTICA_9 12 53
1406998792252 ROBOTICA_9 12 68
1406998792366 ROBOTICA_9 12 82
1406998792459 ROBOTICA_9 12 75
1406998792561 ROBOTICA_9 12 77
1406998792682 ROBOTICA_9 12 98
1406998792719 ROBOTICA_9 12 36
1406998792823 ROBOTICA_9 12 40
1406998792936 ROBOTICA_9 12 53
1406998793267 ROBOTICA_9 12 73
1406998793277 ROBOTICA_9 12 82
1406998793287 ROBOTICA_9 12 91
1406998793366 ROBOTICA_9 12 77
1406998793474 ROBOTICA_9 12 85
1406998793526 ROBOTICA_9 12 37
1406998793651 ROBOTICA_9 12 63
1406998793765 ROBOTICA_9 12 78
1406998793861 ROBOTICA_9 12 73
1406998793961 ROBOTICA_9 12 74
1406998794084 ROBOTICA_9 12 98
1406998794129 ROBOTICA_9 12 43
1406998794222 ROBOTICA_9 12 37
1406998794318 ROBOTICA_9 12 34
1406998794449 ROBOTICA_9 12 65
1406998794556 ROBOTICA_9 12 72
1406998794658 ROBOTICA_9 12 74
1406998794782 ROBOTICA_9 12 98
1406998794819 ROBOTICA_9 12 35
1406998794921 ROBOTICA_9 12 37
1406998795029 ROBOTICA_9 12 45
1406998795146 ROBOTICA_9 12 62
1406998795243 ROBOTICA_9 12 59
1406998795358 ROBOTICA_9 12 74
1406998795482 ROBOTICA_9 12 98
1406998795600 ROBOTICA_9 12 113
1406998795678 ROBOTICA_9 12 92
1406998795729 ROBOTICA_9 12 44
1406998795847 ROBOTICA_9 12 62
1406998795947 ROBOTICA_9 12 63
1406998796096 ROBOTICA_9 12 112
1406998796177 ROBOTICA_9 12 93
1406998796299 ROBOTICA_9 12 116
1406998796377 ROBOTICA_9 12 94
1406998796441 ROBOTICA_9 12 58
1406998796546 ROBOTICA_9 12 63
1406998796646 ROBOTICA_9 12 63
1406998796749 ROBOTICA_9 12 66
1406998796902 ROBOTICA_9 12 119
1406998796966 ROBOTICA_9 12 83
1406998797022 ROBOTICA_9 12 39
1406998797121 ROBOTICA_9 12 38
1406998797246 ROBOTICA_9 12 63
1406998797346 ROBOTICA_9 12 63
1406998797446 ROBOTICA_9 12 63
1406998797559 ROBOTICA_9 12 77
1406998797678 ROBOTICA_9 12 96
1406998797724 ROBOTICA_9 12 43
1406998797818 ROBOTICA_9 12 38
1406998797942 ROBOTICA_9 12 61
1406998798043 ROBOTICA_9 12 62
1406998798171 ROBOTICA_9 12 90
1406998798243 ROBOTICA_9 12 62
1406998798368 ROBOTICA_9 12 88
1406998798425 ROBOTICA_9 12 45
1406998798542 ROBOTICA_9 12 62
1406998798642 ROBOTICA_9 12 62
1406998798742 ROBOTICA_9 12 61
1406998798852 ROBOTICA_9 12 71
1406998798969 ROBOTICA_9 12 87
1406998799014 ROBOTICA_9 12 34
1406998799133 ROBOTICA_9 12 54
1406998799228 ROBOTICA_9 12 49
1406998799341 ROBOTICA_9 12 62
1406998799445 ROBOTICA_9 12 66
1406998799542 ROBOTICA_9 12 63
1406998799656 ROBOTICA_9 12 78
1406998799716 ROBOTICA_9 12 38
1406998799822 ROBOTICA_9 12 44
1406998799928 ROBOTICA_9 12 50
1406998800030 ROBOTICA_9 12 50
1406998800147 ROBOTICA_9 12 68
1406998800234 ROBOTICA_9 12 55
1406998800344 ROBOTICA_9 12 64
1406998800429 ROBOTICA_9 12 50
1406998800518 ROBOTICA_9 12 39
1406998800622 ROBOTICA_9 12 43
1406998800752 ROBOTICA_9 12 73
1406998800852 ROBOTICA_9 12 73
1406998800942 ROBOTICA_9 12 63
