1406908148206 0.75342464
1406908149577 1.0
1406908150956 0.9402985
1406908152323 0.95238096
1406908153692 0.9864865
1406908155063 0.972973
1406908156430 1.0
1406908157800 0.972973
1406908159167 0.97183096
1406908160533 0.9861111
1406908161900 0.9861111
1406908163266 0.9861111
1406908164630 0.94520545
1406908165996 0.9589041
1406908167358 0.7887324
1406908168723 0.9868421
1406908170090 0.875
1406908171459 0.9041096
1406908172828 1.0
1406908174193 0.98630136
1406908175558 0.97183096
1406908176922 0.96
1406908178288 0.9722222
1406908179653 1.0
1406908181016 0.9859155
1406908182381 0.94520545
1406908183747 0.9864865
1406908185112 0.97183096
1406908186477 1.0
1406908187843 0.9722222
1406908189209 0.98630136
1406908190574 0.98630136
1406908191939 0.9726027
1406908193305 0.9736842
1406908194672 0.9589041
1406908196035 0.98630136
1406908197401 0.9444444
1406908198767 0.98630136
1406908200133 0.94520545
1406908201498 0.85897434
1406908202864 0.9577465
1406908204228 0.9583333
1406908205594 0.9583333
1406908206960 0.96103895
1406908208326 0.9589041
1406908209692 0.9866667
1406908211058 0.9444444
1406908212427 0.9736842
1406908213792 0.9846154
1406908215158 0.9589041
1406908216525 1.0
1406908217890 0.97183096
1406908219257 0.972973
1406908220623 0.9583333
1406908221988 0.9726027
1406908223355 1.0
1406908224722 1.0
1406908226088 0.9864865
1406908227455 1.0
1406908228822 0.972973
1406908230190 0.9583333
1406908231554 0.87323946
1406908232920 0.9444444
1406908234287 0.95714283
1406908235654 0.98630136
1406908237019 0.97183096
1406908238386 1.0
1406908239750 0.9861111
1406908241115 0.8630137
1406908242480 0.9722222
1406908243846 1.0
1406908245211 0.9722222
1406908246577 0.98630136
1406908247941 1.0
1406908249304 0.87323946
1406908250669 0.9041096
1406908252035 0.94520545
1406908253398 0.90140843
1406908254765 0.9459459
1406908256127 0.8767123
1406908257493 0.70422536
1406908258858 0.9041096
1406908260223 0.87323946
1406908261587 0.8169014
1406908262951 0.8767123
1406908264325 0.8428571
1406908265692 0.9722222
1406908267058 0.9589041
1406908268422 0.8888889
1406908269787 0.9722222
1406908271151 0.9583333
1406908272518 0.9726027
1406908273883 0.91780823
1406908275248 0.92
1406908276611 0.8873239
1406908277975 0.84931505
1406908279339 0.84931505
1406908280710 0.98630136
1406908282073 0.91780823
1406908283435 0.875
1406908284802 0.7605634
1406908286165 0.875
1406908287529 0.65753424
1406908288896 0.7432432
1406908290262 0.7808219
1406908291625 0.7297297
1406908301798 0.6619718
1406908303199 0.8
1406908304563 0.7361111
1406908305932 0.7083333
1406908307293 0.6756757
1406908308666 0.70422536
1406908310031 0.85333335
1406908311393 0.9041096
1406908312757 0.8472222
1406908314122 0.8630137
1406908315487 0.9027778
1406908316851 0.8333333
1406908318216 0.94520545
1406908319579 0.9166667
1406908320942 0.8611111
1406908322307 0.8194444
1406908323673 0.8648649
1406908325041 0.8169014
1406908326403 0.8783784
1406908327765 0.8169014
1406908329136 0.8918919
1406908330500 0.82191783
1406908331865 0.64788735
1406908333228 0.8333333
1406908334595 0.8873239
1406908335956 0.8309859
1406908337319 0.9444444
1406908338691 0.59210527
1406908340063 0.8055556
1406908341431 0.8108108
1406908342803 0.8888889
1406908344165 0.89041096
1406908345558 0.69863015
1406908346925 0.6849315
1406908348287 0.8767123
1406908349655 0.9166667
1406908351028 0.9041096
1406908352392 0.875
1406908353762 0.8648649
1406908355125 0.85915494
1406908356487 0.9305556
1406908357851 0.81333333
1406908359213 0.7638889
1406908360574 0.7183099
1406908361939 0.84931505
1406908363329 0.8611111
1406908364695 0.8194444
1406908366060 0.7777778
1406908367429 0.72602737
1406908368796 0.9041096
1406908370201 0.7808219
1406908371567 0.93333334
1406908372934 0.69014084
1406908374298 0.943662
1406908375666 0.9054054
1406908377033 0.9589041
1406908378398 0.98630136
