1406908171253 ROBOTICA_9 12 105
1406908171312 ROBOTICA_9 12 64
1406908171409 ROBOTICA_9 12 62
1406908171509 ROBOTICA_9 12 63
1406908171629 ROBOTICA_9 12 83
1406908171709 ROBOTICA_9 12 63
1406908171809 ROBOTICA_9 12 63
1406908171909 ROBOTICA_9 12 63
1406908172009 ROBOTICA_9 12 63
1406908172118 ROBOTICA_9 12 72
1406908172208 ROBOTICA_9 12 62
1406908172308 ROBOTICA_9 12 62
1406908172408 ROBOTICA_9 12 63
1406908172532 ROBOTICA_9 12 87
1406908172633 ROBOTICA_9 12 88
1406908172732 ROBOTICA_9 12 88
1406908172831 ROBOTICA_9 12 88
1406908172881 ROBOTICA_9 12 38
1406908172982 ROBOTICA_9 12 39
1406908173082 ROBOTICA_9 12 39
1406908173182 ROBOTICA_9 12 39
1406908173282 ROBOTICA_9 12 39
1406908173382 ROBOTICA_9 12 39
1406908173482 ROBOTICA_9 12 39
1406908173582 ROBOTICA_9 12 39
1406908173682 ROBOTICA_9 12 38
1406908173782 ROBOTICA_9 12 38
1406908173881 ROBOTICA_9 12 37
1406908173984 ROBOTICA_9 12 40
1406908174082 ROBOTICA_9 12 38
1406908174190 ROBOTICA_9 12 46
1406908174280 ROBOTICA_9 12 35
1406908174383 ROBOTICA_9 12 38
1406908174505 ROBOTICA_9 12 60
1406908174583 ROBOTICA_9 12 38
1406908174708 ROBOTICA_9 12 63
1406908174809 ROBOTICA_9 12 63
1406908174943 ROBOTICA_9 12 63
1406908175041 ROBOTICA_9 12 61
1406908175148 ROBOTICA_9 12 62
1406908175249 ROBOTICA_9 12 62
1406908175348 ROBOTICA_9 12 63
1406908175471 ROBOTICA_9 12 86
1406908175546 ROBOTICA_9 12 62
1406908175671 ROBOTICA_9 12 86
1406908175746 ROBOTICA_9 12 62
1406908175869 ROBOTICA_9 12 86
1406908175970 ROBOTICA_9 12 87
1406908176069 ROBOTICA_9 12 87
1406908176169 ROBOTICA_9 12 88
1406908176218 ROBOTICA_9 12 37
1406908176319 ROBOTICA_9 12 38
1406908176418 ROBOTICA_9 12 37
1406908176518 ROBOTICA_9 12 37
1406908176619 ROBOTICA_9 12 38
1406908176718 ROBOTICA_9 12 37
1406908176819 ROBOTICA_9 12 38
1406908176917 ROBOTICA_9 12 36
1406908177017 ROBOTICA_9 12 37
1406908177118 ROBOTICA_9 12 38
1406908177218 ROBOTICA_9 12 38
1406908177318 ROBOTICA_9 12 38
1406908177443 ROBOTICA_9 12 62
1406908177518 ROBOTICA_9 12 37
1406908177618 ROBOTICA_9 12 37
1406908177718 ROBOTICA_9 12 37
1406908177843 ROBOTICA_9 12 62
1406908177943 ROBOTICA_9 12 63
1406908178033 ROBOTICA_9 12 52
1406908178143 ROBOTICA_9 12 62
1406908178243 ROBOTICA_9 12 62
1406908178343 ROBOTICA_9 12 62
1406908178443 ROBOTICA_9 12 62
1406908178543 ROBOTICA_9 12 62
1406908178644 ROBOTICA_9 12 63
1406908178743 ROBOTICA_9 12 62
1406908178844 ROBOTICA_9 12 62
1406908178944 ROBOTICA_9 12 62
1406908179044 ROBOTICA_9 12 62
1406908179144 ROBOTICA_9 12 62
1406908179244 ROBOTICA_9 12 62
1406908179343 ROBOTICA_9 12 62
1406908179443 ROBOTICA_9 12 62
1406908179543 ROBOTICA_9 12 62
1406908179644 ROBOTICA_9 12 63
1406908179744 ROBOTICA_9 12 63
1406908179844 ROBOTICA_9 12 62
1406908179966 ROBOTICA_9 12 85
1406908180068 ROBOTICA_9 12 87
1406908180168 ROBOTICA_9 12 88
1406908180266 ROBOTICA_9 12 86
1406908180366 ROBOTICA_9 12 86
1406908180416 ROBOTICA_9 12 36
1406908180516 ROBOTICA_9 12 36
1406908180651 ROBOTICA_9 12 71
1406908180716 ROBOTICA_9 12 36
1406908180817 ROBOTICA_9 12 37
1406908180918 ROBOTICA_9 12 38
1406908181019 ROBOTICA_9 12 38
1406908181119 ROBOTICA_9 12 37
1406908181416 ROBOTICA_9 12 55
1406908181428 ROBOTICA_9 12 67
1406908181437 ROBOTICA_9 12 57
1406908181516 ROBOTICA_9 12 36
1406908181618 ROBOTICA_9 12 38
1406908181718 ROBOTICA_9 12 37
1406908181818 ROBOTICA_9 12 37
1406908181918 ROBOTICA_9 12 38
1406908182017 ROBOTICA_9 12 36
1406908182118 ROBOTICA_9 12 37
1406908182218 ROBOTICA_9 12 37
1406908182319 ROBOTICA_9 12 37
1406908182442 ROBOTICA_9 12 60
1406908182544 ROBOTICA_9 12 62
1406908182645 ROBOTICA_9 12 63
1406908182744 ROBOTICA_9 12 62
1406908182845 ROBOTICA_9 12 62
1406908182944 ROBOTICA_9 12 62
1406908183044 ROBOTICA_9 12 62
1406908183156 ROBOTICA_9 12 74
1406908183244 ROBOTICA_9 12 62
1406908183344 ROBOTICA_9 12 62
1406908183446 ROBOTICA_9 12 62
1406908183546 ROBOTICA_9 12 62
1406908183646 ROBOTICA_9 12 62
1406908183746 ROBOTICA_9 12 62
1406908183846 ROBOTICA_9 12 62
1406908183946 ROBOTICA_9 12 62
1406908184045 ROBOTICA_9 12 62
1406908184146 ROBOTICA_9 12 62
1406908184246 ROBOTICA_9 12 62
1406908184346 ROBOTICA_9 12 62
1406908184463 ROBOTICA_9 12 79
1406908184546 ROBOTICA_9 12 62
1406908184669 ROBOTICA_9 12 86
1406908184770 ROBOTICA_9 12 87
1406908184869 ROBOTICA_9 12 87
1406908184968 ROBOTICA_9 12 87
1406908185018 ROBOTICA_9 12 38
1406908185115 ROBOTICA_9 12 35
1406908185218 ROBOTICA_9 12 37
1406908185318 ROBOTICA_9 12 37
1406908185416 ROBOTICA_9 12 35
1406908185518 ROBOTICA_9 12 37
1406908185619 ROBOTICA_9 12 38
1406908185719 ROBOTICA_9 12 38
1406908185819 ROBOTICA_9 12 37
1406908185918 ROBOTICA_9 12 37
1406908186018 ROBOTICA_9 12 37
1406908186119 ROBOTICA_9 12 38
1406908186220 ROBOTICA_9 12 38
1406908186320 ROBOTICA_9 12 38
1406908186419 ROBOTICA_9 12 37
1406908186519 ROBOTICA_9 12 37
1406908186620 ROBOTICA_9 12 38
1406908186743 ROBOTICA_9 12 61
1406908186844 ROBOTICA_9 12 62
1406908186944 ROBOTICA_9 12 63
1406908187031 ROBOTICA_9 12 49
1406908187144 ROBOTICA_9 12 62
1406908187244 ROBOTICA_9 12 62
1406908187344 ROBOTICA_9 12 62
1406908187444 ROBOTICA_9 12 62
1406908187543 ROBOTICA_9 12 62
1406908187644 ROBOTICA_9 12 63
1406908187744 ROBOTICA_9 12 63
1406908187844 ROBOTICA_9 12 63
1406908187943 ROBOTICA_9 12 62
1406908188043 ROBOTICA_9 12 62
1406908188144 ROBOTICA_9 12 63
1406908188244 ROBOTICA_9 12 63
1406908188344 ROBOTICA_9 12 62
1406908188443 ROBOTICA_9 12 61
1406908188544 ROBOTICA_9 12 62
1406908188644 ROBOTICA_9 12 62
1406908188744 ROBOTICA_9 12 62
1406908188845 ROBOTICA_9 12 62
1406908188968 ROBOTICA_9 12 86
1406908189044 ROBOTICA_9 12 63
1406908189166 ROBOTICA_9 12 85
1406908189267 ROBOTICA_9 12 87
1406908189317 ROBOTICA_9 12 37
1406908189416 ROBOTICA_9 12 36
1406908189516 ROBOTICA_9 12 36
1406908189616 ROBOTICA_9 12 36
1406908189718 ROBOTICA_9 12 38
1406908189818 ROBOTICA_9 12 38
1406908189916 ROBOTICA_9 12 36
1406908190016 ROBOTICA_9 12 36
1406908190118 ROBOTICA_9 12 38
1406908190218 ROBOTICA_9 12 38
1406908190318 ROBOTICA_9 12 38
1406908190418 ROBOTICA_9 12 38
1406908190518 ROBOTICA_9 12 37
1406908190616 ROBOTICA_9 12 36
1406908190715 ROBOTICA_9 12 36
1406908190842 ROBOTICA_9 12 62
1406908190916 ROBOTICA_9 12 36
1406908191042 ROBOTICA_9 12 62
1406908191142 ROBOTICA_9 12 62
1406908191420 ROBOTICA_9 12 47
1406908191464 ROBOTICA_9 12 91
1406908191475 ROBOTICA_9 12 91
1406908191546 ROBOTICA_9 12 63
1406908191646 ROBOTICA_9 12 62
1406908191746 ROBOTICA_9 12 62
1406908191846 ROBOTICA_9 12 62
1406908191945 ROBOTICA_9 12 62
1406908192046 ROBOTICA_9 12 63
1406908192148 ROBOTICA_9 12 65
1406908192246 ROBOTICA_9 12 63
1406908192346 ROBOTICA_9 12 63
1406908192445 ROBOTICA_9 12 62
1406908192553 ROBOTICA_9 12 70
1406908192644 ROBOTICA_9 12 61
1406908192743 ROBOTICA_9 12 61
1406908192844 ROBOTICA_9 12 63
1406908192942 ROBOTICA_9 12 62
1406908193043 ROBOTICA_9 12 63
1406908193140 ROBOTICA_9 12 60
1406908193243 ROBOTICA_9 12 63
1406908193366 ROBOTICA_9 12 86
1406908193459 ROBOTICA_9 12 79
1406908193566 ROBOTICA_9 12 86
1406908193666 ROBOTICA_9 12 87
1406908193766 ROBOTICA_9 12 87
1406908193816 ROBOTICA_9 12 38
1406908193916 ROBOTICA_9 12 39
1406908194016 ROBOTICA_9 12 38
1406908194114 ROBOTICA_9 12 38
1406908194214 ROBOTICA_9 12 38
1406908194313 ROBOTICA_9 12 37
1406908194413 ROBOTICA_9 12 37
1406908194513 ROBOTICA_9 12 37
1406908194613 ROBOTICA_9 12 37
1406908194763 ROBOTICA_9 12 61
1406908194861 ROBOTICA_9 12 61
1406908194962 ROBOTICA_9 12 62
1406908195088 ROBOTICA_9 12 88
1406908195186 ROBOTICA_9 12 87
1406908195286 ROBOTICA_9 12 88
1406908195386 ROBOTICA_9 12 89
1406908195434 ROBOTICA_9 12 37
1406908195533 ROBOTICA_9 12 37
1406908195632 ROBOTICA_9 12 36
1406908195733 ROBOTICA_9 12 37
1406908195833 ROBOTICA_9 12 37
1406908195932 ROBOTICA_9 12 37
1406908196033 ROBOTICA_9 12 38
1406908196133 ROBOTICA_9 12 38
1406908196233 ROBOTICA_9 12 38
1406908196333 ROBOTICA_9 12 38
1406908196433 ROBOTICA_9 12 37
1406908196533 ROBOTICA_9 12 37
1406908196633 ROBOTICA_9 12 37
1406908196757 ROBOTICA_9 12 61
1406908196833 ROBOTICA_9 12 37
1406908196933 ROBOTICA_9 12 37
1406908197056 ROBOTICA_9 12 61
1406908197158 ROBOTICA_9 12 63
1406908197246 ROBOTICA_9 12 51
1406908197358 ROBOTICA_9 12 63
1406908197458 ROBOTICA_9 12 63
1406908197556 ROBOTICA_9 12 61
1406908197659 ROBOTICA_9 12 63
1406908197758 ROBOTICA_9 12 62
1406908197857 ROBOTICA_9 12 61
1406908197958 ROBOTICA_9 12 63
1406908198058 ROBOTICA_9 12 63
1406908198158 ROBOTICA_9 12 63
1406908198258 ROBOTICA_9 12 63
1406908198358 ROBOTICA_9 12 63
1406908198458 ROBOTICA_9 12 62
1406908198558 ROBOTICA_9 12 62
1406908198658 ROBOTICA_9 12 62
1406908198759 ROBOTICA_9 12 63
1406908198857 ROBOTICA_9 12 61
1406908198959 ROBOTICA_9 12 63
1406908199056 ROBOTICA_9 12 60
1406908199159 ROBOTICA_9 12 62
1406908199283 ROBOTICA_9 12 87
1406908199383 ROBOTICA_9 12 88
1406908199483 ROBOTICA_9 12 88
1406908199582 ROBOTICA_9 12 87
1406908199632 ROBOTICA_9 12 37
1406908199732 ROBOTICA_9 12 38
1406908199889 ROBOTICA_9 12 94
1406908199929 ROBOTICA_9 12 35
1406908200031 ROBOTICA_9 12 37
1406908200131 ROBOTICA_9 12 37
1406908200232 ROBOTICA_9 12 38
1406908200332 ROBOTICA_9 12 38
1406908200432 ROBOTICA_9 12 38
1406908200532 ROBOTICA_9 12 38
1406908200632 ROBOTICA_9 12 38
1406908200730 ROBOTICA_9 12 36
1406908200829 ROBOTICA_9 12 36
1406908200929 ROBOTICA_9 12 37
1406908201029 ROBOTICA_9 12 37
1406908201153 ROBOTICA_9 12 61
1406908201441 ROBOTICA_9 12 39
1406908201453 ROBOTICA_9 12 51
1406908201463 ROBOTICA_9 12 60
1406908201539 ROBOTICA_9 12 37
1406908201636 ROBOTICA_9 12 35
1406908201738 ROBOTICA_9 12 37
1406908201838 ROBOTICA_9 12 37
1406908201963 ROBOTICA_9 12 62
1406908202063 ROBOTICA_9 12 62
1406908202163 ROBOTICA_9 12 62
1406908202263 ROBOTICA_9 12 62
1406908202369 ROBOTICA_9 12 68
1406908202463 ROBOTICA_9 12 62
1406908202563 ROBOTICA_9 12 62
1406908202663 ROBOTICA_9 12 62
1406908202763 ROBOTICA_9 12 62
1406908202864 ROBOTICA_9 12 63
1406908202963 ROBOTICA_9 12 62
1406908203063 ROBOTICA_9 12 62
1406908203163 ROBOTICA_9 12 62
1406908203263 ROBOTICA_9 12 62
1406908203363 ROBOTICA_9 12 62
1406908203463 ROBOTICA_9 12 62
1406908203563 ROBOTICA_9 12 62
1406908203674 ROBOTICA_9 12 73
1406908203763 ROBOTICA_9 12 62
1406908203865 ROBOTICA_9 12 64
1406908203964 ROBOTICA_9 12 63
1406908204086 ROBOTICA_9 12 86
1406908204187 ROBOTICA_9 12 87
1406908204286 ROBOTICA_9 12 87
1406908204386 ROBOTICA_9 12 88
1406908204434 ROBOTICA_9 12 37
1406908204534 ROBOTICA_9 12 37
1406908204633 ROBOTICA_9 12 37
1406908204783 ROBOTICA_9 12 87
1406908204834 ROBOTICA_9 12 39
1406908204931 ROBOTICA_9 12 36
1406908205034 ROBOTICA_9 12 39
1406908205132 ROBOTICA_9 12 37
1406908205233 ROBOTICA_9 12 38
1406908205333 ROBOTICA_9 12 38
1406908205431 ROBOTICA_9 12 36
1406908205533 ROBOTICA_9 12 38
1406908205655 ROBOTICA_9 12 60
1406908205732 ROBOTICA_9 12 37
1406908205857 ROBOTICA_9 12 62
1406908205957 ROBOTICA_9 12 62
1406908206056 ROBOTICA_9 12 61
1406908206157 ROBOTICA_9 12 62
1406908206243 ROBOTICA_9 12 48
1406908206357 ROBOTICA_9 12 62
1406908206458 ROBOTICA_9 12 63
1406908206558 ROBOTICA_9 12 63
1406908206659 ROBOTICA_9 12 62
1406908206758 ROBOTICA_9 12 63
1406908206857 ROBOTICA_9 12 62
1406908206958 ROBOTICA_9 12 63
1406908207057 ROBOTICA_9 12 63
1406908207157 ROBOTICA_9 12 63
1406908207258 ROBOTICA_9 12 64
1406908207357 ROBOTICA_9 12 63
1406908207457 ROBOTICA_9 12 63
1406908207556 ROBOTICA_9 12 61
1406908207657 ROBOTICA_9 12 63
1406908207757 ROBOTICA_9 12 63
1406908207855 ROBOTICA_9 12 60
1406908207981 ROBOTICA_9 12 87
1406908208081 ROBOTICA_9 12 88
1406908208179 ROBOTICA_9 12 87
1406908208279 ROBOTICA_9 12 87
1406908208327 ROBOTICA_9 12 36
1406908208429 ROBOTICA_9 12 37
1406908208528 ROBOTICA_9 12 36
1406908208628 ROBOTICA_9 12 36
1406908208773 ROBOTICA_9 12 81
1406908208842 ROBOTICA_9 12 50
1406908208929 ROBOTICA_9 12 37
1406908209029 ROBOTICA_9 12 37
1406908209129 ROBOTICA_9 12 37
1406908209228 ROBOTICA_9 12 37
1406908209328 ROBOTICA_9 12 37
1406908209428 ROBOTICA_9 12 37
1406908209528 ROBOTICA_9 12 37
1406908209628 ROBOTICA_9 12 37
1406908209734 ROBOTICA_9 12 38
1406908209831 ROBOTICA_9 12 38
1406908209929 ROBOTICA_9 12 37
1406908210054 ROBOTICA_9 12 61
1406908210154 ROBOTICA_9 12 62
1406908210254 ROBOTICA_9 12 62
1406908210356 ROBOTICA_9 12 64
1406908210456 ROBOTICA_9 12 64
1406908210556 ROBOTICA_9 12 64
1406908210654 ROBOTICA_9 12 62
1406908210755 ROBOTICA_9 12 62
1406908210853 ROBOTICA_9 12 61
1406908210955 ROBOTICA_9 12 63
1406908211054 ROBOTICA_9 12 62
1406908211156 ROBOTICA_9 12 64
1406908211494 ROBOTICA_9 12 62
1406908211519 ROBOTICA_9 12 87
1406908211528 ROBOTICA_9 12 95
1406908211567 ROBOTICA_9 12 64
1406908211666 ROBOTICA_9 12 63
1406908211766 ROBOTICA_9 12 63
1406908211866 ROBOTICA_9 12 63
1406908211966 ROBOTICA_9 12 63
1406908212065 ROBOTICA_9 12 62
1406908212166 ROBOTICA_9 12 62
1406908212266 ROBOTICA_9 12 62
1406908212366 ROBOTICA_9 12 62
1406908212465 ROBOTICA_9 12 61
1406908212566 ROBOTICA_9 12 62
1406908212673 ROBOTICA_9 12 69
1406908212764 ROBOTICA_9 12 60
1406908212866 ROBOTICA_9 12 62
1406908212966 ROBOTICA_9 12 62
1406908213066 ROBOTICA_9 12 62
1406908213167 ROBOTICA_9 12 62
1406908213267 ROBOTICA_9 12 62
1406908213391 ROBOTICA_9 12 86
1406908213491 ROBOTICA_9 12 87
1406908213591 ROBOTICA_9 12 87
1406908213691 ROBOTICA_9 12 88
1406908213790 ROBOTICA_9 12 87
1406908213898 ROBOTICA_9 12 77
1406908213982 ROBOTICA_9 12 63
1406908214082 ROBOTICA_9 12 63
1406908214182 ROBOTICA_9 12 63
1406908214282 ROBOTICA_9 12 62
1406908214382 ROBOTICA_9 12 62
1406908214480 ROBOTICA_9 12 60
1406908214581 ROBOTICA_9 12 62
1406908214706 ROBOTICA_9 12 87
1406908214806 ROBOTICA_9 12 87
1406908214906 ROBOTICA_9 12 88
1406908215004 ROBOTICA_9 12 87
1406908215055 ROBOTICA_9 12 38
1406908215179 ROBOTICA_9 12 63
1406908215253 ROBOTICA_9 12 37
1406908215355 ROBOTICA_9 12 39
1406908215453 ROBOTICA_9 12 37
1406908215553 ROBOTICA_9 12 37
1406908215653 ROBOTICA_9 12 37
1406908215753 ROBOTICA_9 12 38
1406908215852 ROBOTICA_9 12 37
1406908215952 ROBOTICA_9 12 37
1406908216052 ROBOTICA_9 12 37
1406908216152 ROBOTICA_9 12 37
1406908216278 ROBOTICA_9 12 63
1406908216353 ROBOTICA_9 12 37
1406908216461 ROBOTICA_9 12 46
1406908216576 ROBOTICA_9 12 61
1406908216678 ROBOTICA_9 12 62
1406908216777 ROBOTICA_9 12 62
1406908216878 ROBOTICA_9 12 63
1406908216978 ROBOTICA_9 12 63
1406908217078 ROBOTICA_9 12 62
1406908217178 ROBOTICA_9 12 62
1406908217278 ROBOTICA_9 12 62
1406908217378 ROBOTICA_9 12 62
1406908217478 ROBOTICA_9 12 62
1406908217582 ROBOTICA_9 12 66
1406908217678 ROBOTICA_9 12 62
1406908217772 ROBOTICA_9 12 56
1406908217878 ROBOTICA_9 12 62
1406908217978 ROBOTICA_9 12 62
1406908218078 ROBOTICA_9 12 62
1406908218178 ROBOTICA_9 12 62
1406908218278 ROBOTICA_9 12 62
1406908218378 ROBOTICA_9 12 62
1406908218478 ROBOTICA_9 12 62
1406908218579 ROBOTICA_9 12 63
1406908218700 ROBOTICA_9 12 85
1406908218800 ROBOTICA_9 12 86
1406908218901 ROBOTICA_9 12 88
1406908219022 ROBOTICA_9 12 109
1406908219106 ROBOTICA_9 12 93
1406908219151 ROBOTICA_9 12 38
1406908219251 ROBOTICA_9 12 38
1406908219351 ROBOTICA_9 12 38
1406908219451 ROBOTICA_9 12 38
1406908219551 ROBOTICA_9 12 38
1406908219651 ROBOTICA_9 12 38
1406908219751 ROBOTICA_9 12 38
1406908219851 ROBOTICA_9 12 37
1406908219951 ROBOTICA_9 12 37
1406908220051 ROBOTICA_9 12 37
1406908220151 ROBOTICA_9 12 37
1406908220276 ROBOTICA_9 12 62
1406908220351 ROBOTICA_9 12 37
1406908220451 ROBOTICA_9 12 37
1406908220551 ROBOTICA_9 12 37
1406908220651 ROBOTICA_9 12 37
1406908220752 ROBOTICA_9 12 38
1406908220875 ROBOTICA_9 12 60
1406908220977 ROBOTICA_9 12 62
1406908221070 ROBOTICA_9 12 55
1406908221177 ROBOTICA_9 12 62
1406908221508 ROBOTICA_9 12 40
1406908221536 ROBOTICA_9 12 67
1406908221546 ROBOTICA_9 12 77
1406908221583 ROBOTICA_9 12 62
1406908221683 ROBOTICA_9 12 62
1406908221783 ROBOTICA_9 12 62
1406908221883 ROBOTICA_9 12 62
1406908221983 ROBOTICA_9 12 62
1406908222083 ROBOTICA_9 12 62
1406908222183 ROBOTICA_9 12 62
1406908222283 ROBOTICA_9 12 62
1406908222383 ROBOTICA_9 12 62
1406908222483 ROBOTICA_9 12 62
1406908222583 ROBOTICA_9 12 62
1406908222683 ROBOTICA_9 12 61
1406908222783 ROBOTICA_9 12 61
1406908222890 ROBOTICA_9 12 68
1406908222985 ROBOTICA_9 12 63
1406908223085 ROBOTICA_9 12 63
1406908223192 ROBOTICA_9 12 70
1406908223283 ROBOTICA_9 12 61
1406908223385 ROBOTICA_9 12 63
1406908223485 ROBOTICA_9 12 63
1406908223583 ROBOTICA_9 12 61
1406908223687 ROBOTICA_9 12 62
1406908223810 ROBOTICA_9 12 85
1406908223887 ROBOTICA_9 12 62
1406908223988 ROBOTICA_9 12 63
1406908224111 ROBOTICA_9 12 86
1406908224202 ROBOTICA_9 12 77
1406908224313 ROBOTICA_9 12 87
1406908224412 ROBOTICA_9 12 87
1406908224461 ROBOTICA_9 12 37
1406908224560 ROBOTICA_9 12 36
1406908224661 ROBOTICA_9 12 37
1406908224763 ROBOTICA_9 12 37
1406908224862 ROBOTICA_9 12 38
1406908224962 ROBOTICA_9 12 38
1406908225062 ROBOTICA_9 12 38
1406908225162 ROBOTICA_9 12 38
1406908225260 ROBOTICA_9 12 36
1406908225362 ROBOTICA_9 12 38
1406908225462 ROBOTICA_9 12 38
1406908225562 ROBOTICA_9 12 37
1406908225662 ROBOTICA_9 12 37
1406908225761 ROBOTICA_9 12 37
1406908225861 ROBOTICA_9 12 37
1406908225960 ROBOTICA_9 12 36
1406908226062 ROBOTICA_9 12 38
1406908226185 ROBOTICA_9 12 61
1406908226287 ROBOTICA_9 12 63
1406908226388 ROBOTICA_9 12 64
1406908226488 ROBOTICA_9 12 63
1406908226588 ROBOTICA_9 12 63
1406908226706 ROBOTICA_9 12 81
1406908226788 ROBOTICA_9 12 63
1406908226887 ROBOTICA_9 12 62
1406908226987 ROBOTICA_9 12 62
1406908227086 ROBOTICA_9 12 61
1406908227187 ROBOTICA_9 12 62
1406908227287 ROBOTICA_9 12 62
1406908227387 ROBOTICA_9 12 62
1406908227488 ROBOTICA_9 12 63
1406908227588 ROBOTICA_9 12 63
1406908227688 ROBOTICA_9 12 62
1406908227787 ROBOTICA_9 12 62
1406908227887 ROBOTICA_9 12 62
1406908227987 ROBOTICA_9 12 62
1406908228087 ROBOTICA_9 12 62
1406908228187 ROBOTICA_9 12 62
1406908228286 ROBOTICA_9 12 61
1406908228387 ROBOTICA_9 12 62
1406908228487 ROBOTICA_9 12 62
1406908228612 ROBOTICA_9 12 87
1406908228712 ROBOTICA_9 12 87
1406908228811 ROBOTICA_9 12 87
1406908228861 ROBOTICA_9 12 38
1406908228958 ROBOTICA_9 12 35
1406908229061 ROBOTICA_9 12 38
1406908229196 ROBOTICA_9 12 73
1406908229268 ROBOTICA_9 12 44
1406908229362 ROBOTICA_9 12 38
1406908229462 ROBOTICA_9 12 38
1406908229562 ROBOTICA_9 12 37
1406908229662 ROBOTICA_9 12 37
1406908229762 ROBOTICA_9 12 37
1406908229862 ROBOTICA_9 12 38
1406908229985 ROBOTICA_9 12 61
1406908230061 ROBOTICA_9 12 37
1406908230186 ROBOTICA_9 12 62
1406908230261 ROBOTICA_9 12 38
1406908230360 ROBOTICA_9 12 37
1406908230462 ROBOTICA_9 12 38
1406908230628 ROBOTICA_9 12 104
1406908230687 ROBOTICA_9 12 64
1406908230786 ROBOTICA_9 12 63
1406908230885 ROBOTICA_9 12 62
1406908230987 ROBOTICA_9 12 63
1406908231088 ROBOTICA_9 12 64
1406908231187 ROBOTICA_9 12 63
1406908231479 ROBOTICA_9 12 38
1406908231490 ROBOTICA_9 12 49
1406908231500 ROBOTICA_9 12 59
1406908231572 ROBOTICA_9 12 36
1406908231697 ROBOTICA_9 12 62
1406908231798 ROBOTICA_9 12 63
1406908231873 ROBOTICA_9 12 38
1406908231998 ROBOTICA_9 12 63
1406908232097 ROBOTICA_9 12 62
1406908232197 ROBOTICA_9 12 62
1406908232298 ROBOTICA_9 12 62
1406908232398 ROBOTICA_9 12 63
1406908232498 ROBOTICA_9 12 62
1406908232598 ROBOTICA_9 12 62
1406908232698 ROBOTICA_9 12 62
1406908232797 ROBOTICA_9 12 62
1406908232898 ROBOTICA_9 12 62
1406908232998 ROBOTICA_9 12 63
1406908233111 ROBOTICA_9 12 75
1406908233198 ROBOTICA_9 12 62
1406908233292 ROBOTICA_9 12 56
1406908233397 ROBOTICA_9 12 62
1406908233497 ROBOTICA_9 12 62
1406908233597 ROBOTICA_9 12 62
1406908233698 ROBOTICA_9 12 62
1406908233798 ROBOTICA_9 12 62
1406908233921 ROBOTICA_9 12 85
1406908234023 ROBOTICA_9 12 87
1406908234122 ROBOTICA_9 12 87
1406908234221 ROBOTICA_9 12 87
1406908234271 ROBOTICA_9 12 37
1406908234392 ROBOTICA_9 12 59
1406908234471 ROBOTICA_9 12 38
1406908234571 ROBOTICA_9 12 38
1406908234671 ROBOTICA_9 12 38
1406908234771 ROBOTICA_9 12 38
1406908234871 ROBOTICA_9 12 38
1406908234971 ROBOTICA_9 12 38
1406908235071 ROBOTICA_9 12 38
1406908235171 ROBOTICA_9 12 37
1406908235271 ROBOTICA_9 12 37
1406908235371 ROBOTICA_9 12 37
1406908235471 ROBOTICA_9 12 37
1406908235571 ROBOTICA_9 12 37
1406908235673 ROBOTICA_9 12 39
1406908235770 ROBOTICA_9 12 36
1406908235871 ROBOTICA_9 12 37
1406908235972 ROBOTICA_9 12 38
1406908236095 ROBOTICA_9 12 61
1406908236197 ROBOTICA_9 12 63
1406908236297 ROBOTICA_9 12 63
1406908236397 ROBOTICA_9 12 62
1406908236497 ROBOTICA_9 12 63
1406908236597 ROBOTICA_9 12 62
1406908236697 ROBOTICA_9 12 62
1406908236797 ROBOTICA_9 12 62
1406908236897 ROBOTICA_9 12 62
1406908236986 ROBOTICA_9 12 51
1406908237096 ROBOTICA_9 12 62
1406908237197 ROBOTICA_9 12 63
1406908237298 ROBOTICA_9 12 62
1406908237403 ROBOTICA_9 12 69
1406908237497 ROBOTICA_9 12 62
1406908237597 ROBOTICA_9 12 63
1406908237698 ROBOTICA_9 12 63
1406908237797 ROBOTICA_9 12 62
1406908237898 ROBOTICA_9 12 63
1406908237996 ROBOTICA_9 12 61
1406908238097 ROBOTICA_9 12 62
1406908238197 ROBOTICA_9 12 62
1406908238321 ROBOTICA_9 12 86
1406908238422 ROBOTICA_9 12 87
1406908238522 ROBOTICA_9 12 88
1406908238621 ROBOTICA_9 12 87
1406908238670 ROBOTICA_9 12 37
1406908238770 ROBOTICA_9 12 37
1406908238870 ROBOTICA_9 12 37
1406908238970 ROBOTICA_9 12 37
1406908239069 ROBOTICA_9 12 36
1406908239169 ROBOTICA_9 12 36
1406908239269 ROBOTICA_9 12 36
1406908239370 ROBOTICA_9 12 37
1406908239468 ROBOTICA_9 12 36
1406908239570 ROBOTICA_9 12 38
1406908239670 ROBOTICA_9 12 38
1406908239770 ROBOTICA_9 12 38
1406908239869 ROBOTICA_9 12 38
1406908239968 ROBOTICA_9 12 37
1406908240068 ROBOTICA_9 12 37
1406908240193 ROBOTICA_9 12 61
1406908240295 ROBOTICA_9 12 63
1406908240394 ROBOTICA_9 12 62
1406908240494 ROBOTICA_9 12 62
1406908240595 ROBOTICA_9 12 63
1406908240695 ROBOTICA_9 12 63
1406908240797 ROBOTICA_9 12 65
1406908240895 ROBOTICA_9 12 63
1406908240994 ROBOTICA_9 12 62
1406908241095 ROBOTICA_9 12 63
1406908241193 ROBOTICA_9 12 61
1406908241542 ROBOTICA_9 12 64
1406908241585 ROBOTICA_9 12 106
1406908241595 ROBOTICA_9 12 116
1406908241607 ROBOTICA_9 12 70
1406908241697 ROBOTICA_9 12 60
1406908241800 ROBOTICA_9 12 64
1406908241898 ROBOTICA_9 12 62
1406908241998 ROBOTICA_9 12 62
1406908242102 ROBOTICA_9 12 66
1406908242197 ROBOTICA_9 12 61
1406908242298 ROBOTICA_9 12 62
1406908242398 ROBOTICA_9 12 62
1406908242499 ROBOTICA_9 12 64
1406908242619 ROBOTICA_9 12 85
1406908242721 ROBOTICA_9 12 87
1406908242821 ROBOTICA_9 12 87
1406908242920 ROBOTICA_9 12 87
1406908243020 ROBOTICA_9 12 87
1406908243070 ROBOTICA_9 12 38
1406908243170 ROBOTICA_9 12 38
1406908243270 ROBOTICA_9 12 38
1406908243415 ROBOTICA_9 12 83
1406908243470 ROBOTICA_9 12 38
1406908243570 ROBOTICA_9 12 37
1406908243670 ROBOTICA_9 12 37
1406908243770 ROBOTICA_9 12 37
1406908243869 ROBOTICA_9 12 36
1406908243970 ROBOTICA_9 12 38
1406908244070 ROBOTICA_9 12 38
1406908244170 ROBOTICA_9 12 38
1406908244295 ROBOTICA_9 12 63
1406908244371 ROBOTICA_9 12 39
1406908244469 ROBOTICA_9 12 37
1406908244570 ROBOTICA_9 12 37
1406908244670 ROBOTICA_9 12 37
1406908244795 ROBOTICA_9 12 62
1406908244895 ROBOTICA_9 12 62
1406908244995 ROBOTICA_9 12 62
1406908245095 ROBOTICA_9 12 62
1406908245195 ROBOTICA_9 12 62
1406908245295 ROBOTICA_9 12 62
1406908245395 ROBOTICA_9 12 62
1406908245495 ROBOTICA_9 12 62
1406908245595 ROBOTICA_9 12 62
1406908245695 ROBOTICA_9 12 62
1406908245796 ROBOTICA_9 12 63
1406908245918 ROBOTICA_9 12 85
1406908245995 ROBOTICA_9 12 62
1406908246096 ROBOTICA_9 12 63
1406908246196 ROBOTICA_9 12 63
1406908246296 ROBOTICA_9 12 63
1406908246396 ROBOTICA_9 12 63
1406908246496 ROBOTICA_9 12 63
1406908246595 ROBOTICA_9 12 62
1406908246695 ROBOTICA_9 12 62
1406908246794 ROBOTICA_9 12 61
1406908246895 ROBOTICA_9 12 62
1406908247020 ROBOTICA_9 12 88
1406908247119 ROBOTICA_9 12 88
1406908247199 ROBOTICA_9 12 68
1406908247266 ROBOTICA_9 12 36
1406908247367 ROBOTICA_9 12 37
1406908247467 ROBOTICA_9 12 38
1406908247567 ROBOTICA_9 12 38
1406908247667 ROBOTICA_9 12 37
1406908247767 ROBOTICA_9 12 37
1406908247867 ROBOTICA_9 12 37
1406908247966 ROBOTICA_9 12 37
1406908248066 ROBOTICA_9 12 37
1406908248166 ROBOTICA_9 12 37
1406908248266 ROBOTICA_9 12 37
1406908248366 ROBOTICA_9 12 37
1406908248480 ROBOTICA_9 12 51
1406908248565 ROBOTICA_9 12 36
1406908248688 ROBOTICA_9 12 60
1406908248789 ROBOTICA_9 12 62
1406908248938 ROBOTICA_9 12 87
1406908249032 ROBOTICA_9 12 80
1406908249090 ROBOTICA_9 12 64
1406908249187 ROBOTICA_9 12 62
1406908249288 ROBOTICA_9 12 63
1406908249387 ROBOTICA_9 12 62
1406908249487 ROBOTICA_9 12 62
1406908249593 ROBOTICA_9 12 68
1406908249684 ROBOTICA_9 12 60
1406908249786 ROBOTICA_9 12 62
1406908249885 ROBOTICA_9 12 62
1406908249984 ROBOTICA_9 12 62
1406908250083 ROBOTICA_9 12 61
1406908250208 ROBOTICA_9 12 87
1406908250283 ROBOTICA_9 12 63
1406908250404 ROBOTICA_9 12 84
1406908250505 ROBOTICA_9 12 86
1406908250554 ROBOTICA_9 12 36
1406908250652 ROBOTICA_9 12 35
1406908250754 ROBOTICA_9 12 38
1406908250852 ROBOTICA_9 12 36
1406908250953 ROBOTICA_9 12 38
1406908251097 ROBOTICA_9 12 82
1406908251154 ROBOTICA_9 12 37
1406908251505 ROBOTICA_9 12 65
1406908251516 ROBOTICA_9 12 75
1406908251525 ROBOTICA_9 12 84
1406908251564 ROBOTICA_9 12 37
1406908251664 ROBOTICA_9 12 38
1406908251764 ROBOTICA_9 12 37
1406908251863 ROBOTICA_9 12 37
1406908251962 ROBOTICA_9 12 37
1406908252060 ROBOTICA_9 12 35
1406908252161 ROBOTICA_9 12 37
1406908252259 ROBOTICA_9 12 36
1406908252384 ROBOTICA_9 12 61
1406908252459 ROBOTICA_9 12 37
1406908252582 ROBOTICA_9 12 60
1406908252682 ROBOTICA_9 12 61
1406908252782 ROBOTICA_9 12 62
1406908252889 ROBOTICA_9 12 69
1406908252982 ROBOTICA_9 12 63
1406908253080 ROBOTICA_9 12 62
1406908253182 ROBOTICA_9 12 64
1406908253283 ROBOTICA_9 12 65
1406908253379 ROBOTICA_9 12 62
1406908253478 ROBOTICA_9 12 62
1406908253602 ROBOTICA_9 12 86
1406908253674 ROBOTICA_9 12 59
1406908253778 ROBOTICA_9 12 63
1406908253877 ROBOTICA_9 12 62
1406908253977 ROBOTICA_9 12 62
1406908254078 ROBOTICA_9 12 63
1406908254177 ROBOTICA_9 12 61
1406908254277 ROBOTICA_9 12 61
1406908254379 ROBOTICA_9 12 63
1406908254500 ROBOTICA_9 12 85
1406908254602 ROBOTICA_9 12 87
1406908254701 ROBOTICA_9 12 87
1406908254751 ROBOTICA_9 12 38
1406908254850 ROBOTICA_9 12 37
1406908254951 ROBOTICA_9 12 38
1406908255051 ROBOTICA_9 12 38
1406908255150 ROBOTICA_9 12 37
1406908255250 ROBOTICA_9 12 37
1406908255350 ROBOTICA_9 12 37
1406908255451 ROBOTICA_9 12 38
1406908255550 ROBOTICA_9 12 37
1406908255648 ROBOTICA_9 12 36
1406908255748 ROBOTICA_9 12 37
1406908255872 ROBOTICA_9 12 61
1406908255947 ROBOTICA_9 12 37
1406908256053 ROBOTICA_9 12 36
1406908256163 ROBOTICA_9 12 48
1406908256253 ROBOTICA_9 12 35
1406908256363 ROBOTICA_9 12 36
1406908256525 ROBOTICA_9 12 86
1406908256568 ROBOTICA_9 12 38
1406908256673 ROBOTICA_9 12 40
1406908256815 ROBOTICA_9 12 61
1406908256915 ROBOTICA_9 12 61
1406908257020 ROBOTICA_9 12 65
1406908257134 ROBOTICA_9 12 67
1406908257228 ROBOTICA_9 12 61
1406908257315 ROBOTICA_9 12 38
1406908257412 ROBOTICA_9 12 35
1406908257537 ROBOTICA_9 12 61
1406908257639 ROBOTICA_9 12 63
1406908257716 ROBOTICA_9 12 40
1406908257837 ROBOTICA_9 12 61
1406908257941 ROBOTICA_9 12 64
1406908258038 ROBOTICA_9 12 62
1406908258137 ROBOTICA_9 12 61
1406908258237 ROBOTICA_9 12 62
1406908258343 ROBOTICA_9 12 68
1406908258437 ROBOTICA_9 12 62
1406908258537 ROBOTICA_9 12 62
1406908258638 ROBOTICA_9 12 63
1406908258749 ROBOTICA_9 12 74
1406908258838 ROBOTICA_9 12 62
1406908258938 ROBOTICA_9 12 62
1406908259037 ROBOTICA_9 12 62
1406908259137 ROBOTICA_9 12 63
1406908259233 ROBOTICA_9 12 59
1406908259336 ROBOTICA_9 12 62
1406908259436 ROBOTICA_9 12 63
1406908259561 ROBOTICA_9 12 89
1406908259659 ROBOTICA_9 12 87
1406908259758 ROBOTICA_9 12 87
1406908259859 ROBOTICA_9 12 87
1406908259908 ROBOTICA_9 12 36
1406908260006 ROBOTICA_9 12 35
1406908260107 ROBOTICA_9 12 37
1406908260207 ROBOTICA_9 12 37
1406908260308 ROBOTICA_9 12 38
1406908260408 ROBOTICA_9 12 38
1406908260506 ROBOTICA_9 12 37
1406908260604 ROBOTICA_9 12 36
1406908260704 ROBOTICA_9 12 36
1406908260803 ROBOTICA_9 12 36
1406908260926 ROBOTICA_9 12 60
1406908261027 ROBOTICA_9 12 62
1406908261126 ROBOTICA_9 12 61
1406908261225 ROBOTICA_9 12 61
1406908261585 ROBOTICA_9 12 65
1406908261595 ROBOTICA_9 12 74
1406908261605 ROBOTICA_9 12 83
1406908261619 ROBOTICA_9 12 40
1406908261716 ROBOTICA_9 12 37
1406908261817 ROBOTICA_9 12 38
1406908261939 ROBOTICA_9 12 61
1406908262015 ROBOTICA_9 12 38
1406908262115 ROBOTICA_9 12 37
1406908262237 ROBOTICA_9 12 59
1406908262338 ROBOTICA_9 12 61
1406908262439 ROBOTICA_9 12 62
1406908262538 ROBOTICA_9 12 61
1406908262638 ROBOTICA_9 12 62
1406908262737 ROBOTICA_9 12 62
1406908262836 ROBOTICA_9 12 62
1406908262934 ROBOTICA_9 12 60
1406908263042 ROBOTICA_9 12 37
1406908263132 ROBOTICA_9 12 60
1406908263233 ROBOTICA_9 12 61
1406908263333 ROBOTICA_9 12 62
1406908263457 ROBOTICA_9 12 87
1406908263533 ROBOTICA_9 12 63
1406908263655 ROBOTICA_9 12 86
1406908263757 ROBOTICA_9 12 89
1406908263847 ROBOTICA_9 12 78
1406908263958 ROBOTICA_9 12 89
1406908264058 ROBOTICA_9 12 86
1406908264104 ROBOTICA_9 12 36
1406908264204 ROBOTICA_9 12 37
1406908264305 ROBOTICA_9 12 38
1406908264404 ROBOTICA_9 12 38
1406908264503 ROBOTICA_9 12 37
1406908264603 ROBOTICA_9 12 37
1406908264702 ROBOTICA_9 12 36
1406908264803 ROBOTICA_9 12 38
1406908264904 ROBOTICA_9 12 39
1406908265002 ROBOTICA_9 12 36
1406908265129 ROBOTICA_9 12 63
1406908265203 ROBOTICA_9 12 38
1406908265303 ROBOTICA_9 12 37
1406908265404 ROBOTICA_9 12 38
1406908265526 ROBOTICA_9 12 61
1406908265626 ROBOTICA_9 12 62
1406908265726 ROBOTICA_9 12 62
1406908265826 ROBOTICA_9 12 62
1406908265926 ROBOTICA_9 12 62
1406908266025 ROBOTICA_9 12 62
1406908266126 ROBOTICA_9 12 63
1406908266228 ROBOTICA_9 12 62
1406908266329 ROBOTICA_9 12 63
1406908266436 ROBOTICA_9 12 71
1406908266526 ROBOTICA_9 12 61
1406908266626 ROBOTICA_9 12 62
1406908266727 ROBOTICA_9 12 63
1406908266826 ROBOTICA_9 12 62
1406908266928 ROBOTICA_9 12 64
1406908267026 ROBOTICA_9 12 62
1406908267126 ROBOTICA_9 12 63
1406908267225 ROBOTICA_9 12 61
1406908267326 ROBOTICA_9 12 62
1406908267449 ROBOTICA_9 12 85
1406908267550 ROBOTICA_9 12 87
1406908267650 ROBOTICA_9 12 88
1406908267749 ROBOTICA_9 12 87
1406908267851 ROBOTICA_9 12 89
1406908267898 ROBOTICA_9 12 36
1406908267999 ROBOTICA_9 12 38
1406908268097 ROBOTICA_9 12 36
1406908268197 ROBOTICA_9 12 37
1406908268297 ROBOTICA_9 12 38
1406908268395 ROBOTICA_9 12 36
1406908268496 ROBOTICA_9 12 38
1406908268593 ROBOTICA_9 12 36
1406908268693 ROBOTICA_9 12 37
1406908268792 ROBOTICA_9 12 36
1406908268893 ROBOTICA_9 12 38
1406908269005 ROBOTICA_9 12 50
1406908269116 ROBOTICA_9 12 62
1406908269219 ROBOTICA_9 12 65
1406908269319 ROBOTICA_9 12 64
1406908269417 ROBOTICA_9 12 62
1406908269518 ROBOTICA_9 12 63
1406908269618 ROBOTICA_9 12 63
1406908269718 ROBOTICA_9 12 63
1406908269818 ROBOTICA_9 12 64
1406908269916 ROBOTICA_9 12 63
1406908270016 ROBOTICA_9 12 63
1406908270116 ROBOTICA_9 12 62
1406908270216 ROBOTICA_9 12 62
1406908270316 ROBOTICA_9 12 62
1406908270415 ROBOTICA_9 12 62
1406908270514 ROBOTICA_9 12 61
1406908270640 ROBOTICA_9 12 87
1406908270716 ROBOTICA_9 12 64
1406908270837 ROBOTICA_9 12 85
1406908270914 ROBOTICA_9 12 62
1406908271038 ROBOTICA_9 12 86
1406908271140 ROBOTICA_9 12 89
1406908271237 ROBOTICA_9 12 86
1406908271534 ROBOTICA_9 12 49
1406908271546 ROBOTICA_9 12 61
1406908271556 ROBOTICA_9 12 70
1406908271622 ROBOTICA_9 12 61
1406908271724 ROBOTICA_9 12 63
1406908271847 ROBOTICA_9 12 86
1406908271949 ROBOTICA_9 12 88
1406908272048 ROBOTICA_9 12 87
1406908272147 ROBOTICA_9 12 86
1406908272248 ROBOTICA_9 12 88
1406908272297 ROBOTICA_9 12 38
1406908272397 ROBOTICA_9 12 38
1406908272497 ROBOTICA_9 12 38
1406908272596 ROBOTICA_9 12 37
1406908272695 ROBOTICA_9 12 37
1406908272816 ROBOTICA_9 12 59
1406908272894 ROBOTICA_9 12 37
1406908272993 ROBOTICA_9 12 37
1406908273094 ROBOTICA_9 12 38
1406908273195 ROBOTICA_9 12 39
1406908273291 ROBOTICA_9 12 35
1406908273392 ROBOTICA_9 12 37
1406908273514 ROBOTICA_9 12 59
1406908273616 ROBOTICA_9 12 62
1406908273717 ROBOTICA_9 12 64
1406908273815 ROBOTICA_9 12 62
1406908273914 ROBOTICA_9 12 61
1406908274015 ROBOTICA_9 12 62
1406908274123 ROBOTICA_9 12 70
1406908274214 ROBOTICA_9 12 61
1406908274315 ROBOTICA_9 12 63
1406908274414 ROBOTICA_9 12 62
1406908274514 ROBOTICA_9 12 62
1406908274614 ROBOTICA_9 12 63
1406908274713 ROBOTICA_9 12 62
1406908274815 ROBOTICA_9 12 64
1406908274915 ROBOTICA_9 12 64
1406908275014 ROBOTICA_9 12 63
1406908275113 ROBOTICA_9 12 61
1406908275213 ROBOTICA_9 12 61
1406908275314 ROBOTICA_9 12 62
1406908275433 ROBOTICA_9 12 83
1406908275539 ROBOTICA_9 12 89
1406908275637 ROBOTICA_9 12 88
1406908275686 ROBOTICA_9 12 38
1406908275784 ROBOTICA_9 12 37
1406908275884 ROBOTICA_9 12 37
1406908275984 ROBOTICA_9 12 38
1406908276084 ROBOTICA_9 12 38
1406908276182 ROBOTICA_9 12 37
1406908276283 ROBOTICA_9 12 38
1406908276381 ROBOTICA_9 12 37
1406908276478 ROBOTICA_9 12 35
1406908276580 ROBOTICA_9 12 38
1406908276739 ROBOTICA_9 12 97
1406908276801 ROBOTICA_9 12 60
1406908276905 ROBOTICA_9 12 64
1406908277003 ROBOTICA_9 12 62
1406908277105 ROBOTICA_9 12 62
1406908277201 ROBOTICA_9 12 61
1406908277300 ROBOTICA_9 12 61
1406908277399 ROBOTICA_9 12 61
1406908277499 ROBOTICA_9 12 61
1406908277598 ROBOTICA_9 12 61
1406908277698 ROBOTICA_9 12 61
1406908277797 ROBOTICA_9 12 61
1406908277899 ROBOTICA_9 12 62
1406908278002 ROBOTICA_9 12 65
1406908278096 ROBOTICA_9 12 44
1406908278201 ROBOTICA_9 12 61
1406908278301 ROBOTICA_9 12 62
1406908278398 ROBOTICA_9 12 60
1406908278499 ROBOTICA_9 12 61
1406908278629 ROBOTICA_9 12 92
1406908278703 ROBOTICA_9 12 65
1406908278823 ROBOTICA_9 12 85
1406908278906 ROBOTICA_9 12 65
1406908279032 ROBOTICA_9 12 90
1406908279129 ROBOTICA_9 12 86
1406908279228 ROBOTICA_9 12 86
1406908279329 ROBOTICA_9 12 87
1406908279431 ROBOTICA_9 12 87
1406908279478 ROBOTICA_9 12 37
1406908279579 ROBOTICA_9 12 38
1406908279679 ROBOTICA_9 12 38
1406908279778 ROBOTICA_9 12 38
1406908279875 ROBOTICA_9 12 36
1406908279976 ROBOTICA_9 12 37
1406908280075 ROBOTICA_9 12 37
1406908280175 ROBOTICA_9 12 38
1406908280274 ROBOTICA_9 12 37
1406908280377 ROBOTICA_9 12 37
1406908280501 ROBOTICA_9 12 62
1406908280577 ROBOTICA_9 12 38
1406908280698 ROBOTICA_9 12 59
1406908280777 ROBOTICA_9 12 37
1406908280879 ROBOTICA_9 12 38
1406908280978 ROBOTICA_9 12 37
1406908281102 ROBOTICA_9 12 61
1406908281202 ROBOTICA_9 12 62
1406908281545 ROBOTICA_9 12 38
1406908281555 ROBOTICA_9 12 48
1406908281564 ROBOTICA_9 12 56
1406908281653 ROBOTICA_9 12 86
1406908281702 ROBOTICA_9 12 36
1406908281839 ROBOTICA_9 12 73
1406908281904 ROBOTICA_9 12 38
1406908282003 ROBOTICA_9 12 38
1406908282102 ROBOTICA_9 12 37
1406908282202 ROBOTICA_9 12 37
1406908282303 ROBOTICA_9 12 36
1406908282404 ROBOTICA_9 12 37
1406908282503 ROBOTICA_9 12 37
1406908282602 ROBOTICA_9 12 36
1406908282702 ROBOTICA_9 12 37
1406908282799 ROBOTICA_9 12 35
1406908282899 ROBOTICA_9 12 36
1406908283022 ROBOTICA_9 12 59
1406908283123 ROBOTICA_9 12 61
1406908283223 ROBOTICA_9 12 61
1406908283322 ROBOTICA_9 12 61
1406908283422 ROBOTICA_9 12 62
1406908283521 ROBOTICA_9 12 62
1406908283621 ROBOTICA_9 12 62
1406908283720 ROBOTICA_9 12 62
1406908283818 ROBOTICA_9 12 61
1406908283918 ROBOTICA_9 12 62
1406908284019 ROBOTICA_9 12 63
1406908284117 ROBOTICA_9 12 62
1406908284214 ROBOTICA_9 12 60
1406908284315 ROBOTICA_9 12 62
1406908284440 ROBOTICA_9 12 87
1406908284539 ROBOTICA_9 12 87
1406908284638 ROBOTICA_9 12 86
1406908284687 ROBOTICA_9 12 36
1406908284787 ROBOTICA_9 12 36
1406908284886 ROBOTICA_9 12 36
1406908284987 ROBOTICA_9 12 37
1406908285086 ROBOTICA_9 12 37
1406908285184 ROBOTICA_9 12 36
1406908285355 ROBOTICA_9 12 96
1406908285391 ROBOTICA_9 12 37
1406908285529 ROBOTICA_9 12 74
1406908285596 ROBOTICA_9 12 41
1406908285692 ROBOTICA_9 12 36
1406908285793 ROBOTICA_9 12 36
1406908285901 ROBOTICA_9 12 44
1406908286005 ROBOTICA_9 12 48
1406908286114 ROBOTICA_9 12 58
1406908286193 ROBOTICA_9 12 37
1406908286292 ROBOTICA_9 12 36
1406908286416 ROBOTICA_9 12 61
1406908286528 ROBOTICA_9 12 74
1406908286615 ROBOTICA_9 12 62
1406908286744 ROBOTICA_9 12 91
1406908286813 ROBOTICA_9 12 61
1406908286903 ROBOTICA_9 12 51
1406908287018 ROBOTICA_9 12 63
1406908287114 ROBOTICA_9 12 60
1406908287200 ROBOTICA_9 12 46
1406908287367 ROBOTICA_9 12 92
1406908287409 ROBOTICA_9 12 35
1406908287519 ROBOTICA_9 12 46
1406908287613 ROBOTICA_9 12 36
1406908287723 ROBOTICA_9 12 46
1406908287814 ROBOTICA_9 12 38
1406908287923 ROBOTICA_9 12 48
1406908288012 ROBOTICA_9 12 37
1406908288121 ROBOTICA_9 12 47
1406908288230 ROBOTICA_9 12 56
1406908288316 ROBOTICA_9 12 42
1406908288436 ROBOTICA_9 12 62
1406908288519 ROBOTICA_9 12 45
1406908288635 ROBOTICA_9 12 62
1406908288722 ROBOTICA_9 12 43
1406908288838 ROBOTICA_9 12 63
1406908288924 ROBOTICA_9 12 46
1406908289040 ROBOTICA_9 12 62
1406908289125 ROBOTICA_9 12 47
1406908289240 ROBOTICA_9 12 63
1406908289322 ROBOTICA_9 12 45
1406908289423 ROBOTICA_9 12 47
1406908289542 ROBOTICA_9 12 66
1406908289641 ROBOTICA_9 12 66
1406908289736 ROBOTICA_9 12 62
1406908289844 ROBOTICA_9 12 70
1406908289927 ROBOTICA_9 12 54
1406908290033 ROBOTICA_9 12 61
1406908290143 ROBOTICA_9 12 71
1406908290232 ROBOTICA_9 12 61
1406908290336 ROBOTICA_9 12 65
1406908290457 ROBOTICA_9 12 87
1406908290558 ROBOTICA_9 12 88
1406908290658 ROBOTICA_9 12 88
1406908290748 ROBOTICA_9 12 79
1406908290805 ROBOTICA_9 12 37
1406908290906 ROBOTICA_9 12 39
1406908291054 ROBOTICA_9 12 87
1406908291102 ROBOTICA_9 12 35
1406908291263 ROBOTICA_9 12 95
1406908291315 ROBOTICA_9 12 48
1406908291609 ROBOTICA_9 12 62
1406908291620 ROBOTICA_9 12 72
1406908291629 ROBOTICA_9 12 56
1406908291719 ROBOTICA_9 12 47
1406908291807 ROBOTICA_9 12 36
1406908300832 ROBOTICA_9 12 60
1406908300916 ROBOTICA_9 12 42
1406908301026 ROBOTICA_9 12 49
1406908301120 ROBOTICA_9 12 43
1406908301276 ROBOTICA_9 12 69
1406908301362 ROBOTICA_9 12 42
1406908301473 ROBOTICA_9 12 62
1406908301584 ROBOTICA_9 12 74
1406908301671 ROBOTICA_9 12 62
1406908301783 ROBOTICA_9 12 70
1406908301874 ROBOTICA_9 12 60
1406908301988 ROBOTICA_9 12 74
1406908302076 ROBOTICA_9 12 62
1406908302178 ROBOTICA_9 12 64
1406908302274 ROBOTICA_9 12 60
1406908302384 ROBOTICA_9 12 70
1406908302474 ROBOTICA_9 12 61
1406908302584 ROBOTICA_9 12 71
1406908302673 ROBOTICA_9 12 61
1406908302802 ROBOTICA_9 12 91
1406908302909 ROBOTICA_9 12 91
1406908302977 ROBOTICA_9 12 42
1406908303097 ROBOTICA_9 12 61
1406908303187 ROBOTICA_9 12 43
1406908303282 ROBOTICA_9 12 36
1406908303388 ROBOTICA_9 12 38
1406908303497 ROBOTICA_9 12 47
1406908303594 ROBOTICA_9 12 45
1406908303684 ROBOTICA_9 12 36
1406908303794 ROBOTICA_9 12 45
1406908303886 ROBOTICA_9 12 37
1406908303996 ROBOTICA_9 12 47
1406908304086 ROBOTICA_9 12 37
1406908304212 ROBOTICA_9 12 63
1406908304310 ROBOTICA_9 12 62
1406908304396 ROBOTICA_9 12 48
1406908304508 ROBOTICA_9 12 61
1406908304597 ROBOTICA_9 12 51
1406908304711 ROBOTICA_9 12 65
1406908304806 ROBOTICA_9 12 61
1406908304907 ROBOTICA_9 12 63
1406908305016 ROBOTICA_9 12 73
1406908305103 ROBOTICA_9 12 60
1406908305214 ROBOTICA_9 12 70
1406908305317 ROBOTICA_9 12 70
1406908305504 ROBOTICA_9 12 26
1406908305566 ROBOTICA_9 12 68
1406908305618 ROBOTICA_9 12 67
1406908305724 ROBOTICA_9 12 73
1406908305823 ROBOTICA_9 12 70
1406908305916 ROBOTICA_9 12 65
1406908306048 ROBOTICA_9 12 97
1406908306133 ROBOTICA_9 12 65
1406908306230 ROBOTICA_9 12 61
1406908306314 ROBOTICA_9 12 46
1406908306428 ROBOTICA_9 12 61
1406908306531 ROBOTICA_9 12 65
1406908306632 ROBOTICA_9 12 66
1406908306727 ROBOTICA_9 12 62
1406908306836 ROBOTICA_9 12 71
1406908306922 ROBOTICA_9 12 43
1406908307040 ROBOTICA_9 12 70
1406908307129 ROBOTICA_9 12 60
1406908307231 ROBOTICA_9 12 60
1406908307332 ROBOTICA_9 12 61
1406908307442 ROBOTICA_9 12 72
1406908307532 ROBOTICA_9 12 63
1406908307642 ROBOTICA_9 12 68
1406908307734 ROBOTICA_9 12 61
1406908307850 ROBOTICA_9 12 78
1406908307935 ROBOTICA_9 12 63
1406908308089 ROBOTICA_9 12 117
1406908308132 ROBOTICA_9 12 42
1406908308243 ROBOTICA_9 12 54
1406908308355 ROBOTICA_9 12 67
1406908308449 ROBOTICA_9 12 61
1406908308536 ROBOTICA_9 12 49
1406908308657 ROBOTICA_9 12 71
1406908308748 ROBOTICA_9 12 63
1406908308846 ROBOTICA_9 12 61
1406908308969 ROBOTICA_9 12 85
1406908309068 ROBOTICA_9 12 85
1406908309143 ROBOTICA_9 12 61
1406908309243 ROBOTICA_9 12 61
1406908309352 ROBOTICA_9 12 71
1406908309467 ROBOTICA_9 12 87
1406908309564 ROBOTICA_9 12 84
1406908309617 ROBOTICA_9 12 37
1406908309713 ROBOTICA_9 12 34
1406908309859 ROBOTICA_9 12 81
1406908309926 ROBOTICA_9 12 49
1406908310016 ROBOTICA_9 12 40
1406908310124 ROBOTICA_9 12 48
1406908310414 ROBOTICA_9 12 38
1406908310441 ROBOTICA_9 12 65
1406908310450 ROBOTICA_9 12 74
1406908310512 ROBOTICA_9 12 37
1406908310622 ROBOTICA_9 12 48
1406908310719 ROBOTICA_9 12 45
1406908310836 ROBOTICA_9 12 62
1406908310933 ROBOTICA_9 12 60
1406908311019 ROBOTICA_9 12 47
1406908311116 ROBOTICA_9 12 45
1406908311232 ROBOTICA_9 12 61
1406908311340 ROBOTICA_9 12 70
1406908311430 ROBOTICA_9 12 61
1406908311530 ROBOTICA_9 12 62
1406908311631 ROBOTICA_9 12 63
1406908311738 ROBOTICA_9 12 70
1406908311829 ROBOTICA_9 12 62
1406908311939 ROBOTICA_9 12 73
1406908312027 ROBOTICA_9 12 62
1406908312136 ROBOTICA_9 12 71
1406908312249 ROBOTICA_9 12 85
1406908312356 ROBOTICA_9 12 81
1406908312429 ROBOTICA_9 12 59
1406908312541 ROBOTICA_9 12 72
1406908312654 ROBOTICA_9 12 86
1406908312753 ROBOTICA_9 12 84
1406908312853 ROBOTICA_9 12 85
1406908312953 ROBOTICA_9 12 85
1406908313002 ROBOTICA_9 12 34
1406908313087 ROBOTICA_9 12 20
1406908313260 ROBOTICA_9 12 94
1406908313304 ROBOTICA_9 12 39
1406908313401 ROBOTICA_9 12 37
1406908313501 ROBOTICA_9 12 36
1406908313603 ROBOTICA_9 12 38
1406908313702 ROBOTICA_9 12 38
1406908313801 ROBOTICA_9 12 37
1406908313901 ROBOTICA_9 12 38
1406908314000 ROBOTICA_9 12 37
1406908314100 ROBOTICA_9 12 37
1406908314222 ROBOTICA_9 12 60
1406908314324 ROBOTICA_9 12 62
1406908314424 ROBOTICA_9 12 63
1406908314523 ROBOTICA_9 12 62
1406908314624 ROBOTICA_9 12 63
1406908314707 ROBOTICA_9 12 46
1406908314825 ROBOTICA_9 12 65
1406908314918 ROBOTICA_9 12 58
1406908315022 ROBOTICA_9 12 62
1406908315121 ROBOTICA_9 12 62
1406908315223 ROBOTICA_9 12 62
1406908315324 ROBOTICA_9 12 63
1406908315422 ROBOTICA_9 12 61
1406908315522 ROBOTICA_9 12 62
1406908315622 ROBOTICA_9 12 63
1406908315721 ROBOTICA_9 12 61
1406908315822 ROBOTICA_9 12 62
1406908315943 ROBOTICA_9 12 84
1406908316020 ROBOTICA_9 12 62
1406908316146 ROBOTICA_9 12 88
1406908316223 ROBOTICA_9 12 64
1406908316345 ROBOTICA_9 12 86
1406908316444 ROBOTICA_9 12 86
1406908316493 ROBOTICA_9 12 35
1406908316576 ROBOTICA_9 12 19
1406908316693 ROBOTICA_9 12 37
1406908316829 ROBOTICA_9 12 70
1406908316898 ROBOTICA_9 12 42
1406908316989 ROBOTICA_9 12 34
1406908317101 ROBOTICA_9 12 46
1406908317192 ROBOTICA_9 12 38
1406908317303 ROBOTICA_9 12 45
1406908317391 ROBOTICA_9 12 38
1406908317558 ROBOTICA_9 12 106
1406908317592 ROBOTICA_9 12 40
1406908317713 ROBOTICA_9 12 62
1406908317814 ROBOTICA_9 12 63
1406908317914 ROBOTICA_9 12 63
1406908318012 ROBOTICA_9 12 62
1406908318112 ROBOTICA_9 12 62
1406908318216 ROBOTICA_9 12 62
1406908318317 ROBOTICA_9 12 64
1406908318417 ROBOTICA_9 12 61
1406908318503 ROBOTICA_9 12 48
1406908318618 ROBOTICA_9 12 64
1406908318701 ROBOTICA_9 12 46
1406908318819 ROBOTICA_9 12 65
1406908318917 ROBOTICA_9 12 63
1406908319017 ROBOTICA_9 12 63
1406908319117 ROBOTICA_9 12 63
1406908319216 ROBOTICA_9 12 61
1406908319317 ROBOTICA_9 12 62
1406908319416 ROBOTICA_9 12 61
1406908319517 ROBOTICA_9 12 63
1406908319614 ROBOTICA_9 12 61
1406908319713 ROBOTICA_9 12 60
1406908319836 ROBOTICA_9 12 84
1406908319937 ROBOTICA_9 12 86
1406908320039 ROBOTICA_9 12 88
1406908320136 ROBOTICA_9 12 86
1406908320434 ROBOTICA_9 12 82
1406908320446 ROBOTICA_9 12 94
1406908320457 ROBOTICA_9 12 94
1406908320524 ROBOTICA_9 12 61
1406908320636 ROBOTICA_9 12 71
1406908320736 ROBOTICA_9 12 71
1406908320829 ROBOTICA_9 12 65
1406908320941 ROBOTICA_9 12 78
1406908321034 ROBOTICA_9 12 72
1406908321149 ROBOTICA_9 12 85
1406908321248 ROBOTICA_9 12 85
1406908321344 ROBOTICA_9 12 82
1406908321448 ROBOTICA_9 12 86
1406908321498 ROBOTICA_9 12 37
1406908321596 ROBOTICA_9 12 36
1406908321687 ROBOTICA_9 12 27
1406908321794 ROBOTICA_9 12 35
1406908321900 ROBOTICA_9 12 41
1406908321997 ROBOTICA_9 12 39
1406908322108 ROBOTICA_9 12 51
1406908322214 ROBOTICA_9 12 50
1406908322302 ROBOTICA_9 12 38
1406908322401 ROBOTICA_9 12 37
1406908322501 ROBOTICA_9 12 37
1406908322601 ROBOTICA_9 12 37
1406908322724 ROBOTICA_9 12 61
1406908322813 ROBOTICA_9 12 51
1406908322913 ROBOTICA_9 12 52
1406908323012 ROBOTICA_9 12 51
1406908323112 ROBOTICA_9 12 52
1406908323223 ROBOTICA_9 12 61
1406908323311 ROBOTICA_9 12 50
1406908323410 ROBOTICA_9 12 49
1406908323511 ROBOTICA_9 12 51
1406908323611 ROBOTICA_9 12 52
1406908323720 ROBOTICA_9 12 62
1406908323818 ROBOTICA_9 12 57
1406908323928 ROBOTICA_9 12 68
1406908324028 ROBOTICA_9 12 69
1406908324134 ROBOTICA_9 12 71
1406908324240 ROBOTICA_9 12 77
1406908324326 ROBOTICA_9 12 62
1406908324423 ROBOTICA_9 12 60
1406908324530 ROBOTICA_9 12 64
1406908324635 ROBOTICA_9 12 68
1406908324741 ROBOTICA_9 12 72
1406908324821 ROBOTICA_9 12 49
1406908324930 ROBOTICA_9 12 61
1406908325021 ROBOTICA_9 12 52
1406908325132 ROBOTICA_9 12 64
1406908325233 ROBOTICA_9 12 66
1406908325341 ROBOTICA_9 12 74
1406908325427 ROBOTICA_9 12 61
1406908325536 ROBOTICA_9 12 70
1406908325651 ROBOTICA_9 12 85
1406908325732 ROBOTICA_9 12 67
1406908325836 ROBOTICA_9 12 71
1406908325950 ROBOTICA_9 12 86
1406908326055 ROBOTICA_9 12 91
1406908326133 ROBOTICA_9 12 69
1406908326187 ROBOTICA_9 12 23
1406908326298 ROBOTICA_9 12 35
1406908326398 ROBOTICA_9 12 36
1406908326498 ROBOTICA_9 12 37
1406908326597 ROBOTICA_9 12 36
1406908326694 ROBOTICA_9 12 28
1406908326790 ROBOTICA_9 12 25
1406908326904 ROBOTICA_9 12 39
1406908327004 ROBOTICA_9 12 39
1406908327101 ROBOTICA_9 12 37
1406908327201 ROBOTICA_9 12 37
1406908327316 ROBOTICA_9 12 53
1406908327397 ROBOTICA_9 12 35
1406908327514 ROBOTICA_9 12 53
1406908327612 ROBOTICA_9 12 51
1406908327723 ROBOTICA_9 12 63
1406908327821 ROBOTICA_9 12 62
1406908327919 ROBOTICA_9 12 61
1406908328008 ROBOTICA_9 12 51
1406908328116 ROBOTICA_9 12 59
1406908328216 ROBOTICA_9 12 60
1406908328308 ROBOTICA_9 12 52
1406908328416 ROBOTICA_9 12 61
1406908328532 ROBOTICA_9 12 77
1406908328617 ROBOTICA_9 12 63
1406908328724 ROBOTICA_9 12 70
1406908328814 ROBOTICA_9 12 60
1406908328914 ROBOTICA_9 12 61
1406908329031 ROBOTICA_9 12 79
1406908329138 ROBOTICA_9 12 86
1406908329237 ROBOTICA_9 12 86
1406908329286 ROBOTICA_9 12 36
1406908329386 ROBOTICA_9 12 36
1406908329542 ROBOTICA_9 12 90
1406908329587 ROBOTICA_9 12 36
1406908329692 ROBOTICA_9 12 42
1406908329786 ROBOTICA_9 12 36
1406908329886 ROBOTICA_9 12 37
1406908329991 ROBOTICA_9 12 37
1406908330089 ROBOTICA_9 12 36
1406908330448 ROBOTICA_9 12 89
1406908330458 ROBOTICA_9 12 99
1406908330467 ROBOTICA_9 12 108
1406908330488 ROBOTICA_9 12 34
1406908330591 ROBOTICA_9 12 37
1406908330689 ROBOTICA_9 12 35
1406908330791 ROBOTICA_9 12 37
1406908330889 ROBOTICA_9 12 36
1406908330988 ROBOTICA_9 12 36
1406908331088 ROBOTICA_9 12 36
1406908331196 ROBOTICA_9 12 39
1406908331291 ROBOTICA_9 12 35
1406908331418 ROBOTICA_9 12 61
1406908331503 ROBOTICA_9 12 47
1406908331606 ROBOTICA_9 12 51
1406908331720 ROBOTICA_9 12 63
1406908331810 ROBOTICA_9 12 51
1406908331907 ROBOTICA_9 12 45
1406908332022 ROBOTICA_9 12 61
1406908332123 ROBOTICA_9 12 61
1406908332223 ROBOTICA_9 12 61
1406908332322 ROBOTICA_9 12 61
1406908332421 ROBOTICA_9 12 61
1406908332521 ROBOTICA_9 12 62
1406908332621 ROBOTICA_9 12 61
1406908332721 ROBOTICA_9 12 62
1406908332846 ROBOTICA_9 12 88
1406908332920 ROBOTICA_9 12 62
1406908333021 ROBOTICA_9 12 61
1406908333121 ROBOTICA_9 12 62
1406908333220 ROBOTICA_9 12 62
1406908333632 ROBOTICA_9 12 55
1406908333643 ROBOTICA_9 12 65
1406908333692 ROBOTICA_9 12 113
1406908333703 ROBOTICA_9 12 123
1406908333723 ROBOTICA_9 12 67
1406908333841 ROBOTICA_9 12 86
1406908333921 ROBOTICA_9 12 66
1406908333988 ROBOTICA_9 12 34
1406908334090 ROBOTICA_9 12 37
1406908334188 ROBOTICA_9 12 36
1406908334288 ROBOTICA_9 12 36
1406908334387 ROBOTICA_9 12 36
1406908334488 ROBOTICA_9 12 36
1406908334590 ROBOTICA_9 12 41
1406908334684 ROBOTICA_9 12 35
1406908334783 ROBOTICA_9 12 35
1406908334882 ROBOTICA_9 12 35
1406908335007 ROBOTICA_9 12 61
1406908335108 ROBOTICA_9 12 61
1406908335207 ROBOTICA_9 12 61
1406908335308 ROBOTICA_9 12 61
1406908335407 ROBOTICA_9 12 62
1406908335508 ROBOTICA_9 12 64
1406908335607 ROBOTICA_9 12 63
1406908335704 ROBOTICA_9 12 61
1406908335794 ROBOTICA_9 12 51
1406908335903 ROBOTICA_9 12 61
1406908336003 ROBOTICA_9 12 61
1406908336102 ROBOTICA_9 12 61
1406908336204 ROBOTICA_9 12 64
1406908336301 ROBOTICA_9 12 61
1406908336399 ROBOTICA_9 12 60
1406908336499 ROBOTICA_9 12 61
1406908336622 ROBOTICA_9 12 84
1406908336713 ROBOTICA_9 12 71
1406908336829 ROBOTICA_9 12 86
1406908336905 ROBOTICA_9 12 62
1406908337027 ROBOTICA_9 12 85
1406908337127 ROBOTICA_9 12 86
1406908337227 ROBOTICA_9 12 87
1406908337276 ROBOTICA_9 12 36
1406908337376 ROBOTICA_9 12 37
1406908337476 ROBOTICA_9 12 37
1406908337575 ROBOTICA_9 12 37
1406908337674 ROBOTICA_9 12 36
1406908337773 ROBOTICA_9 12 36
1406908337878 ROBOTICA_9 12 42
1406908337970 ROBOTICA_9 12 35
1406908338072 ROBOTICA_9 12 36
1406908338170 ROBOTICA_9 12 35
1406908338271 ROBOTICA_9 12 37
1406908338376 ROBOTICA_9 12 36
1406908338527 ROBOTICA_9 12 63
1406908338626 ROBOTICA_9 12 60
1406908338751 ROBOTICA_9 12 65
1406908338850 ROBOTICA_9 12 73
1406908338961 ROBOTICA_9 12 78
1406908339046 ROBOTICA_9 12 63
1406908339159 ROBOTICA_9 12 77
1406908339259 ROBOTICA_9 12 75
1406908339454 ROBOTICA_9 12 86
1406908339552 ROBOTICA_9 12 86
1406908339638 ROBOTICA_9 12 61
1406908339740 ROBOTICA_9 12 62
1406908339845 ROBOTICA_9 12 61
1406908339946 ROBOTICA_9 12 63
1406908340053 ROBOTICA_9 12 61
1406908340160 ROBOTICA_9 12 54
1406908340311 ROBOTICA_9 12 87
1406908340615 ROBOTICA_9 12 110
1406908340626 ROBOTICA_9 12 121
1406908340636 ROBOTICA_9 12 107
1406908340715 ROBOTICA_9 12 87
1406908340764 ROBOTICA_9 12 36
1406908340864 ROBOTICA_9 12 36
1406908340965 ROBOTICA_9 12 37
1406908341064 ROBOTICA_9 12 37
1406908341164 ROBOTICA_9 12 37
1406908341266 ROBOTICA_9 12 36
1406908341377 ROBOTICA_9 12 43
1406908341525 ROBOTICA_9 12 86
1406908341628 ROBOTICA_9 12 86
1406908341728 ROBOTICA_9 12 86
1406908341812 ROBOTICA_9 12 69
1406908341930 ROBOTICA_9 12 86
1406908342008 ROBOTICA_9 12 61
1406908342132 ROBOTICA_9 12 85
1406908342232 ROBOTICA_9 12 86
1406908342331 ROBOTICA_9 12 86
1406908342440 ROBOTICA_9 12 86
1406908342517 ROBOTICA_9 12 62
1406908342640 ROBOTICA_9 12 86
1406908342740 ROBOTICA_9 12 86
1406908342827 ROBOTICA_9 12 53
1406908342957 ROBOTICA_9 12 91
1406908343041 ROBOTICA_9 12 76
1406908343137 ROBOTICA_9 12 73
1406908343225 ROBOTICA_9 12 61
1406908343330 ROBOTICA_9 12 59
1406908343429 ROBOTICA_9 12 64
1406908343535 ROBOTICA_9 12 71
1406908343639 ROBOTICA_9 12 75
1406908343748 ROBOTICA_9 12 85
1406908343850 ROBOTICA_9 12 88
1406908343951 ROBOTICA_9 12 90
1406908344052 ROBOTICA_9 12 90
1406908344098 ROBOTICA_9 12 36
1406908344198 ROBOTICA_9 12 36
1406908344285 ROBOTICA_9 12 23
1406908344388 ROBOTICA_9 12 27
1406908344542 ROBOTICA_9 12 77
1406908344655 ROBOTICA_9 12 90
1406908344710 ROBOTICA_9 12 46
1406908344789 ROBOTICA_9 12 26
1406908344906 ROBOTICA_9 12 42
1406908344999 ROBOTICA_9 12 36
1406908345115 ROBOTICA_9 12 52
1406908345203 ROBOTICA_9 12 38
1406908345301 ROBOTICA_9 12 37
1406908345415 ROBOTICA_9 12 52
1406908345514 ROBOTICA_9 12 52
1406908345625 ROBOTICA_9 12 62
1406908345709 ROBOTICA_9 12 47
1406908345812 ROBOTICA_9 12 44
1406908345925 ROBOTICA_9 12 62
1406908346025 ROBOTICA_9 12 62
1406908346125 ROBOTICA_9 12 62
1406908346212 ROBOTICA_9 12 49
1406908346333 ROBOTICA_9 12 71
1406908346440 ROBOTICA_9 12 79
1406908346544 ROBOTICA_9 12 83
1406908346611 ROBOTICA_9 12 50
1406908346732 ROBOTICA_9 12 72
1406908346837 ROBOTICA_9 12 74
1406908346935 ROBOTICA_9 12 72
1406908347037 ROBOTICA_9 12 74
1406908347125 ROBOTICA_9 12 63
1406908347238 ROBOTICA_9 12 75
1406908347323 ROBOTICA_9 12 60
1406908347430 ROBOTICA_9 12 68
1406908347525 ROBOTICA_9 12 63
1406908347631 ROBOTICA_9 12 69
1406908347726 ROBOTICA_9 12 65
1406908347833 ROBOTICA_9 12 72
1406908347937 ROBOTICA_9 12 76
1406908348031 ROBOTICA_9 12 71
1406908348148 ROBOTICA_9 12 89
1406908348241 ROBOTICA_9 12 82
1406908348294 ROBOTICA_9 12 36
1406908348400 ROBOTICA_9 12 41
1406908348504 ROBOTICA_9 12 46
1406908348595 ROBOTICA_9 12 37
1406908348695 ROBOTICA_9 12 37
1406908348856 ROBOTICA_9 12 99
1406908348957 ROBOTICA_9 12 100
1406908349010 ROBOTICA_9 12 54
1406908349160 ROBOTICA_9 12 104
1406908349193 ROBOTICA_9 12 38
1406908349306 ROBOTICA_9 12 52
1406908349402 ROBOTICA_9 12 49
1406908349498 ROBOTICA_9 12 46
1406908349596 ROBOTICA_9 12 44
1406908349712 ROBOTICA_9 12 61
1406908349811 ROBOTICA_9 12 61
1406908349911 ROBOTICA_9 12 62
1406908350011 ROBOTICA_9 12 61
1406908350111 ROBOTICA_9 12 62
1406908350211 ROBOTICA_9 12 62
1406908350310 ROBOTICA_9 12 62
1406908350717 ROBOTICA_9 12 39
1406908350728 ROBOTICA_9 12 50
1406908350737 ROBOTICA_9 12 58
1406908350747 ROBOTICA_9 12 68
1406908350812 ROBOTICA_9 12 49
1406908350924 ROBOTICA_9 12 62
1406908351025 ROBOTICA_9 12 64
1406908351122 ROBOTICA_9 12 61
1406908351220 ROBOTICA_9 12 60
1406908351321 ROBOTICA_9 12 62
1406908351422 ROBOTICA_9 12 63
1406908351517 ROBOTICA_9 12 59
1406908351620 ROBOTICA_9 12 63
1406908351741 ROBOTICA_9 12 85
1406908351842 ROBOTICA_9 12 86
1406908351942 ROBOTICA_9 12 87
1406908352060 ROBOTICA_9 12 106
1406908352136 ROBOTICA_9 12 82
1406908352190 ROBOTICA_9 12 37
1406908352288 ROBOTICA_9 12 36
1406908352388 ROBOTICA_9 12 36
1406908352487 ROBOTICA_9 12 36
1406908352587 ROBOTICA_9 12 37
1406908352690 ROBOTICA_9 12 40
1406908352789 ROBOTICA_9 12 40
1406908352910 ROBOTICA_9 12 61
1406908352985 ROBOTICA_9 12 37
1406908353107 ROBOTICA_9 12 60
1406908353208 ROBOTICA_9 12 62
1406908353307 ROBOTICA_9 12 61
1406908353407 ROBOTICA_9 12 62
1406908353506 ROBOTICA_9 12 61
1406908353606 ROBOTICA_9 12 62
1406908353705 ROBOTICA_9 12 62
1406908353807 ROBOTICA_9 12 62
1406908353907 ROBOTICA_9 12 62
1406908354006 ROBOTICA_9 12 62
1406908354109 ROBOTICA_9 12 38
1406908354211 ROBOTICA_9 12 61
1406908354311 ROBOTICA_9 12 62
1406908354410 ROBOTICA_9 12 62
1406908354510 ROBOTICA_9 12 62
1406908354621 ROBOTICA_9 12 74
1406908354722 ROBOTICA_9 12 75
1406908354808 ROBOTICA_9 12 62
1406908354917 ROBOTICA_9 12 72
1406908355020 ROBOTICA_9 12 76
1406908355130 ROBOTICA_9 12 86
1406908355207 ROBOTICA_9 12 64
1406908355331 ROBOTICA_9 12 89
1406908355411 ROBOTICA_9 12 69
1406908355511 ROBOTICA_9 12 70
1406908355617 ROBOTICA_9 12 75
1406908355677 ROBOTICA_9 12 36
1406908355777 ROBOTICA_9 12 36
1406908355902 ROBOTICA_9 12 62
1406908355976 ROBOTICA_9 12 37
1406908356076 ROBOTICA_9 12 38
1406908356181 ROBOTICA_9 12 43
1406908356282 ROBOTICA_9 12 44
1406908356383 ROBOTICA_9 12 45
1406908356477 ROBOTICA_9 12 39
1406908356597 ROBOTICA_9 12 60
1406908356697 ROBOTICA_9 12 61
1406908356797 ROBOTICA_9 12 62
1406908356885 ROBOTICA_9 12 50
1406908356980 ROBOTICA_9 12 45
1406908357096 ROBOTICA_9 12 62
1406908357183 ROBOTICA_9 12 50
1406908357303 ROBOTICA_9 12 68
1406908357383 ROBOTICA_9 12 49
1406908357505 ROBOTICA_9 12 72
1406908357602 ROBOTICA_9 12 70
1406908357710 ROBOTICA_9 12 78
1406908357792 ROBOTICA_9 12 61
1406908357892 ROBOTICA_9 12 61
1406908358015 ROBOTICA_9 12 85
1406908358092 ROBOTICA_9 12 62
1406908358213 ROBOTICA_9 12 84
1406908358315 ROBOTICA_9 12 87
1406908358415 ROBOTICA_9 12 87
1406908358464 ROBOTICA_9 12 37
1406908358562 ROBOTICA_9 12 35
1406908358662 ROBOTICA_9 12 36
1406908358761 ROBOTICA_9 12 36
1406908358861 ROBOTICA_9 12 37
1406908358968 ROBOTICA_9 12 45
1406908359073 ROBOTICA_9 12 50
1406908359176 ROBOTICA_9 12 54
1406908359257 ROBOTICA_9 12 36
1406908359373 ROBOTICA_9 12 52
1406908359471 ROBOTICA_9 12 51
1406908359567 ROBOTICA_9 12 48
1406908359680 ROBOTICA_9 12 62
1406908359775 ROBOTICA_9 12 57
1406908359879 ROBOTICA_9 12 62
1406908359968 ROBOTICA_9 12 51
1406908360086 ROBOTICA_9 12 69
1406908360180 ROBOTICA_9 12 64
1406908360271 ROBOTICA_9 12 56
1406908360622 ROBOTICA_9 12 62
1406908360637 ROBOTICA_9 12 77
1406908360648 ROBOTICA_9 12 88
1406908360685 ROBOTICA_9 12 67
1406908360792 ROBOTICA_9 12 75
1406908360871 ROBOTICA_9 12 55
1406908360976 ROBOTICA_9 12 59
1406908361097 ROBOTICA_9 12 81
1406908361178 ROBOTICA_9 12 62
1406908361289 ROBOTICA_9 12 74
1406908361391 ROBOTICA_9 12 76
1406908361500 ROBOTICA_9 12 86
1406908361588 ROBOTICA_9 12 75
1406908361701 ROBOTICA_9 12 88
1406908361803 ROBOTICA_9 12 90
1406908361883 ROBOTICA_9 12 68
1406908361992 ROBOTICA_9 12 61
1406908362092 ROBOTICA_9 12 62
1406908362200 ROBOTICA_9 12 70
1406908362307 ROBOTICA_9 12 78
1406908362388 ROBOTICA_9 12 60
1406908362504 ROBOTICA_9 12 76
1406908362606 ROBOTICA_9 12 79
1406908362711 ROBOTICA_9 12 85
1406908362816 ROBOTICA_9 12 88
1406908362895 ROBOTICA_9 12 67
1406908363002 ROBOTICA_9 12 74
1406908363063 ROBOTICA_9 12 36
1406908363163 ROBOTICA_9 12 36
1406908363262 ROBOTICA_9 12 36
1406908363350 ROBOTICA_9 12 25
1406908363465 ROBOTICA_9 12 39
1406908363551 ROBOTICA_9 12 26
1406908363660 ROBOTICA_9 12 36
1406908363760 ROBOTICA_9 12 37
1406908363866 ROBOTICA_9 12 43
1406908363967 ROBOTICA_9 12 45
1406908364057 ROBOTICA_9 12 36
1406908364173 ROBOTICA_9 12 52
1406908364282 ROBOTICA_9 12 62
1406908364381 ROBOTICA_9 12 61
1406908364463 ROBOTICA_9 12 44
1406908364581 ROBOTICA_9 12 62
1406908364689 ROBOTICA_9 12 70
1406908364778 ROBOTICA_9 12 60
1406908364892 ROBOTICA_9 12 75
1406908364978 ROBOTICA_9 12 62
1406908365079 ROBOTICA_9 12 63
1406908365193 ROBOTICA_9 12 78
1406908365300 ROBOTICA_9 12 86
1406908365385 ROBOTICA_9 12 71
1406908365473 ROBOTICA_9 12 60
1406908365586 ROBOTICA_9 12 74
1406908365700 ROBOTICA_9 12 87
1406908365780 ROBOTICA_9 12 68
1406908365900 ROBOTICA_9 12 89
1406908366004 ROBOTICA_9 12 93
1406908366082 ROBOTICA_9 12 72
1406908366148 ROBOTICA_9 12 39
1406908366235 ROBOTICA_9 12 25
1406908366356 ROBOTICA_9 12 46
1406908366451 ROBOTICA_9 12 38
1406908366543 ROBOTICA_9 12 30
1406908366646 ROBOTICA_9 12 34
1406908366737 ROBOTICA_9 12 25
1406908366847 ROBOTICA_9 12 36
1406908366954 ROBOTICA_9 12 44
1406908367050 ROBOTICA_9 12 40
1406908367151 ROBOTICA_9 12 39
1406908367248 ROBOTICA_9 12 37
1406908367350 ROBOTICA_9 12 39
1406908367446 ROBOTICA_9 12 33
1406908367558 ROBOTICA_9 12 49
1406908367661 ROBOTICA_9 12 52
1406908367775 ROBOTICA_9 12 67
1406908367855 ROBOTICA_9 12 48
1406908367966 ROBOTICA_9 12 59
1406908368057 ROBOTICA_9 12 51
1406908368157 ROBOTICA_9 12 51
1406908368271 ROBOTICA_9 12 61
1406908368371 ROBOTICA_9 12 63
1406908368478 ROBOTICA_9 12 68
1406908368564 ROBOTICA_9 12 55
1406908368670 ROBOTICA_9 12 62
1406908368786 ROBOTICA_9 12 78
1406908368869 ROBOTICA_9 12 62
1406908368982 ROBOTICA_9 12 76
1406908369064 ROBOTICA_9 12 59
1406908369172 ROBOTICA_9 12 67
1406908369278 ROBOTICA_9 12 74
1406908369389 ROBOTICA_9 12 86
1406908369468 ROBOTICA_9 12 65
1406908369536 ROBOTICA_9 12 34
1406908369690 ROBOTICA_9 12 89
1406908369740 ROBOTICA_9 12 40
1406908369878 ROBOTICA_9 12 67
1406908369989 ROBOTICA_9 12 79
1406908370090 ROBOTICA_9 12 79
1406908370201 ROBOTICA_9 12 89
1406908370281 ROBOTICA_9 12 62
